9952.147425
9952.154851
9952.162276
9952.169702
9952.177127
9952.184553
9952.258807
9953.001349
9960.426769
10034.680961
10777.222044
10999.984293
11222.746466
11288.713764
11288.713763
11288.713761
11288.713760
11288.713758
11288.713757
11288.713755
11288.713754
11288.713752
11288.713751
11288.713749
11288.713748
11288.713746
11288.713745
11288.713743
11288.713742
11288.713740
11288.713739
11288.713737
11288.713736
11288.713734
11288.713733
11288.713731
11288.713730
11288.713728
11288.713726
11288.713725
11288.713723
11288.713722
11288.713720
11288.713719
11288.713717
11288.713716
11288.713714
11288.713713
11288.713711
11288.713710
11288.713708
11288.713707
11288.713705
11288.713704
11288.713702
11288.713701
11288.713699
11288.713698
11288.713696
11288.713695
11288.713693
11288.713692
11288.713690
11288.713689
11288.713687
11288.713686
11288.713684
11288.713683
11288.713681
11288.713680
11288.713678
11288.713676
11288.713675
11288.713673
11288.713672
11288.713670
11288.713669
11288.713667
11288.713666
11288.713664
11288.713663
11288.713661
11288.713660
11288.713658
11288.713657
11288.713655
11288.713654
11288.713652
11288.713651
11288.713649
11288.713648
11288.713646
11288.713645
11288.713643
11288.713642
11288.713640
11288.713639
11288.713637
11288.713636
11288.713634
11288.713633
11288.713631
11288.713629
11288.713628
11288.713626
11288.713625
11288.713623
11288.713622
11288.713620
11288.713619
11288.713617
11288.713616
11288.713614
11288.713613
11288.713611
11288.713610
11288.713608
11288.713607
11288.713605
11288.713604
11288.713602
11288.713601
11288.713599
11288.713598
11288.713596
11288.713595
11288.713593
11288.713592
11288.713590
11288.713589
11288.713587
11288.713586
11288.713584
11288.713582
11288.713581
11288.713579
11288.713578
11288.713576
11288.713575
11288.713573
11288.713572
11288.713570
11288.713569
11288.713567
11288.713566
11288.713564
11288.713563
11288.713561
11288.713560
11288.713558
11288.713557
11288.713555
11288.713554
11288.713552
11288.713551
11288.713549
11288.713548
11288.713546
11288.713545
11288.713543
11288.713542
11288.713540
11288.713539
11288.713537
11288.713535
11288.713534
11288.713532
11288.713531
11288.713529
11288.713528
11288.713526
11288.713525
11288.713523
11288.713522
11288.713520
11288.713519
11288.713517
11288.713516
11288.713514
11288.713513
11288.713511
11288.713510
11288.713508
11288.713507
11288.713505
11288.713504
11288.713502
11288.713501
11288.713499
11288.713498
11288.713496
11288.713495
11288.713493
11288.713492
11288.713490
11288.713489
11288.713487
11288.713485
11288.713484
11288.713482
11288.713481
11288.713479
11288.713478
11288.713476
11288.713475
11288.713473
11288.713472
11288.713470
11288.713469
11288.713467
11288.713466
11288.713464
11288.713463
11288.713461
11288.713460
11288.713458
11288.713457
11288.713455
11288.713454
11288.713452
11288.713451
11288.713449
11288.713448
11288.713446
11288.713445
11288.713443
11288.713442
11288.713440
11288.713438
11288.713437
11288.713435
11288.713434
11288.713432
11288.713431
11288.713429
11288.713428
11288.713426
11288.713425
11288.713423
11288.713422
11288.713420
11288.713419
11288.713417
11288.713416
11288.713414
11288.713413
11288.713411
11288.713410
11288.713408
11288.713407
11288.713405
11288.713404
11288.713402
11288.713401
11288.713399
11288.713398
11288.713396
11288.713395
11288.713393
11288.713391
11288.713390
11288.713388
11288.713387
11288.713385
11288.713384
11288.713382
11288.713381
11288.713379
11288.713378
11288.713376
11288.713375
11288.713373
11288.713372
11288.713370
11288.713369
11288.713367
11288.713366
11288.713364
11288.713363
11288.713361
11288.713360
11288.713358
11288.713357
11288.713355
11288.713354
11288.713352
11288.713351
11288.713349
11288.713348
11288.713346
11288.713345
11288.713343
11288.713341
11288.713340
11288.713338
11288.713337
11288.713335
11288.713334
11288.713332
11288.713331
11288.713329
11288.713328
11288.713326
11288.713325
11288.713323
11288.713322
11288.713320
11288.713319
11288.713317
11288.713316
11288.713314
11288.713313
11288.713311
11288.713310
11288.713308
11288.713307
11288.713305
11288.713304
11288.713302
11288.713301
11288.713299
11288.713298
11288.713296
11288.713294
11288.713293
11288.713291
11288.713290
11288.713288
11288.713287
11288.713285
11288.713284
11288.713282
11288.713281
11288.713279
11288.713278
11288.713276
11288.713275
11288.713273
11288.713272
11288.713270
11288.713269
11288.713267
11288.713266
11288.713264
11288.713263
11288.713261
11288.713260
11288.713258
11288.713257
11288.713255
11288.713254
11288.713252
11288.713251
11288.713249
11288.713247
11288.713246
11288.713244
11288.713243
11288.713241
11288.713240
11288.713238
11288.713237
11288.713235
11288.713234
11288.713232
11288.713231
11288.713229
11288.713228
11288.713226
11288.713225
11288.713223
11288.713222
11288.713220
11288.713219
11288.713217
11288.713216
11288.713214
11288.713213
11288.713211
11288.713210
11288.713208
11288.713207
11288.713205
11288.713204
11288.713202
11288.713201
11288.713199
11288.713197
11288.713196
11288.713194
11288.713193
11288.713191
11288.713190
11288.713188
11288.713187
11288.713185
11288.713184
11288.713182
11288.713181
11288.713179
11288.713178
11288.713176
11288.713175
11288.713173
11288.713172
11288.713170
11288.713169
11288.713167
11288.713166
11288.713164
11288.713163
11288.713161
11288.713160
11288.713158
11288.713157
11288.713155
11288.713153
11288.713152
11288.713150
11288.713149
11288.713147
11288.713146
11288.713144
11288.713143
11288.713141
11288.713140
11288.713138
11288.713137
11288.713135
11288.713134
11288.713132
11288.713131
11288.713129
11288.713128
11288.713126
11288.713125
11288.713123
11288.713122
11288.713120
11288.713119
11288.713117
11288.713116
11288.713114
11288.713113
11288.713111
11288.713110
11288.713108
11288.713107
11288.713105
11288.713103
11288.713102
11288.713100
11288.713099
11288.713097
11288.713096
11288.713094
11288.713093
11288.713091
11288.713090
11288.713088
11288.713087
11288.713085
11288.713084
11288.713082
11288.713081
11288.713079
11288.713078
11288.713076
11288.713075
11288.713073
11288.713072
11288.713070
11288.713069
11288.713067
11288.713066
11288.713064
11288.713063
11288.713061
11288.713060
11288.713058
11288.713056
11288.713055
11288.713053
11288.713052
11288.713050
11288.713049
11288.713047
11288.713046
11288.713044
11288.713043
11288.713041
11288.713040
11288.713038
11288.713037
11288.713035
11288.713034
11288.713032
11288.713031
11288.713029
11288.713028
11288.713026
11288.713025
11288.713023
11288.713022
11288.713020
11288.713019
11288.713017
11288.713016
11288.713014
11288.713013
11288.713011
11288.713009
11288.713008
11288.713006
11288.713005
11288.713003
11288.713002
11288.713000
11288.712999
11288.712997
11288.712996
11288.712994
11288.712993
11288.712991
11288.712990
11288.712988
11288.712987
11288.712985
11288.712984
11288.712982
11288.712981
11288.712979
11288.712978
11288.712976
11288.712975
11288.712973
11288.712972
11288.712970
11288.712969
11288.712967
11288.712966
11288.712964
11288.712963
11288.712961
11288.712959
11288.712958
11288.712956
11288.712955
11288.712953
11288.712952
11288.712950
11288.712949
11288.712947
11288.712946
11288.712944
11288.712943
11288.712941
11288.712940
11288.712938
11288.712937
11288.712935
11288.712934
11288.712932
11288.712931
11288.712929
11288.712928
11288.712926
11288.712925
11288.712923
11288.712922
11288.712920
11288.712919
11288.712917
11288.712916
11288.712914
11288.712912
11288.712911
11288.712909
11288.712908
11288.712906
11288.712905
11288.712903
11288.712902
11288.712900
11288.712899
11288.712897
11288.712896
11288.712894
11288.712893
11288.712891
11288.712890
11288.712888
11288.712887
11288.712885
11288.712884
11288.712882
11288.712881
11288.712879
11288.712878
11288.712876
11288.712875
11288.712873
11288.712872
11288.712870
11288.712869
11288.712867
11288.712865
11288.712864
11288.712862
11288.712861
11288.712859
11288.712858
11288.712856
11288.712855
11288.712853
11288.712852
11288.712850
11288.712849
11288.712847
11288.712846
11288.712844
11288.712843
11288.712841
11288.712840
11288.712838
11288.712837
11288.712835
11288.712834
11288.712832
11288.712831
11288.712829
11288.712828
11288.712826
11288.712825
11288.712823
11288.712822
11288.712820
11288.712819
11288.712817
11288.712815
11288.712814
11288.712812
11288.712811
11288.712809
11288.712808
11288.712806
11288.712805
11288.712803
11288.712802
11288.712800
11288.712799
11288.712797
11288.712796
11288.712794
11288.712793
11288.712791
11288.712790
11288.712788
11288.712787
11288.712785
11288.712784
11288.712782
11288.712781
11288.712779
11288.712778
11288.712776
11288.712775
11288.712773
11288.712772
11288.712770
11288.712768
11288.712767
11288.712765
11288.712764
11288.712762
11288.712761
11288.712759
11288.712758
11288.712756
11288.712755
11288.712753
11288.712752
11288.712750
11288.712749
11288.712747
11288.712746
11288.712744
11288.712743
11288.712741
11288.712740
11288.712738
11288.712737
11288.712735
11288.712734
11288.712732
11288.712731
11288.712729
11288.712728
11288.712726
11288.712725
11288.712723
11288.712721
11288.712720
11288.712718
11288.712717
11288.712715
11288.712714
11288.712712
11288.712711
11288.712709
11288.712708
11288.712706
11288.712705
11288.712703
11288.712702
11288.712700
11288.712699
11288.712697
11288.712696
11288.712694
11288.712693
11288.712691
11288.712690
11288.712688
11288.712687
11288.712685
11288.712684
11288.712682
11288.712681
11288.712679
11288.712678
11288.712676
11288.712675
11288.712673
11288.712671
11288.712670
11288.712668
11288.712667
11288.712665
11288.712664
11288.712662
11288.712661
11288.712659
11288.712658
11288.712656
11288.712655
11288.712653
11288.712652
11288.712650
11288.712649
11288.712647
11288.712646
11288.712644
11288.712643
11288.712641
11288.712640
11288.712638
11288.712637
11288.712635
11288.712634
11288.712632
11288.712631
11288.712629
11288.712628
11288.712626
11288.712624
11288.712623
11288.712621
11288.712620
11288.712618
11288.712617
11288.712615
11288.712614
11288.712612
11288.712611
11288.712609
11288.712608
11288.712606
11288.712605
11288.712603
11288.712602
11288.712600
11288.712599
11288.712597
11288.712596
11288.712594
11288.712593
11288.712591
11288.712590
11288.712588
11288.712587
11288.712585
11288.712584
11288.712582
11288.712581
11288.712579
11288.712577
11288.712576
11288.712574
11288.712573
11288.712571
11288.712570
11288.712568
11288.712567
11288.712565
11288.712564
11288.712562
11288.712561
11288.712559
11288.712558
11288.712556
11288.712555
11288.712553
11288.712552
11288.712550
11288.712549
11288.712547
11288.712546
11288.712544
11288.712543
11288.712541
11288.712540
11288.712538
11288.712537
11288.712535
11288.712534
11288.712532
11288.712530
11288.712529
11288.712527
11288.712526
11288.712524
11288.712523
11288.712521
11288.712520
11288.712518
11288.712517
11288.712515
11288.712514
11288.712512
11288.712511
11288.712509
11288.712508
11288.712506
11288.712505
11288.712503
11288.712502
11288.712500
11288.712499
11288.712497
11288.712496
11288.712494
11288.712493
11288.712491
11288.712490
11288.712488
11288.712487
11288.712485
11288.712483
11288.712482
11288.712480
11288.712479
11288.712477
11288.712476
11288.712474
11288.712473
11288.712471
11288.712470
11288.712468
11288.712467
11288.712465
11288.712464
11288.712462
11288.712461
11288.712459
11288.712458
11288.712456
11288.712455
11288.712453
11288.712452
11288.712450
11288.712449
11288.712447
11288.712446
11288.712444
11288.712443
11288.712441
11288.712440
11288.712438
11288.712437
11288.712435
11288.712433
11288.712432
11288.712430
11288.712429
11288.712427
11288.712426
11288.712424
11288.712423
11288.712421
11288.712420
11288.712418
11288.712417
11288.712415
11288.712414
11288.712412
11288.712411
11288.712409
11288.712408
11288.712406
11288.712405
11288.712403
11288.712402
11288.712400
11288.712399
11288.712397
11288.712396
11288.712394
11288.712393
11288.712391
11288.712390
11288.712388
11288.712386
11288.712385
11288.712383
11288.712382
11288.712380
11288.712379
11288.712377
11288.712376
11288.712374
11288.712373
11288.712371
11288.712370
11288.712368
11288.712367
11288.712365
11288.712364
11288.712362
11288.712361
11288.712359
11288.712358
11288.712356
11288.712355
11288.712353
11288.712352
11288.712350
11288.712349
11288.712347
11288.712346
11288.712344
11288.712343
11288.712341
11288.712339
11288.712338
11288.712336
11288.712335
11288.712333
11288.712332
11288.712330
11288.712329
11288.712327
11288.712326
11288.712324
11288.712323
11288.712321
11288.712320
11288.712318
11288.712317
11288.712315
11288.712314
11288.712312
11288.712311
11288.712309
11288.712308
11288.712306
11288.712305
11288.712303
11288.712302
11288.712300
11288.712299
11288.712297
11288.712296
11288.712294
11288.712293
11288.712291
11288.712289
11288.712288
11288.712286
11288.712285
11288.712283
11288.712282
11288.712280
11288.712279
11288.712277
11288.712276
11288.712274
11288.712273
11288.712271
11288.712270
11288.712268
11288.712267
11288.712265
11288.712264
11288.712262
11288.712261
11288.712259
11288.712258
11288.712256
11288.712255
11288.712253
11288.712252
11288.712250
11288.712249
11288.712247
11288.712246
11288.712244
11288.712242
11288.712241
11288.712239
11288.712238
11288.712236
11288.712235
11288.712233
11288.712232
11288.712230
11288.712229
11288.712227
11288.712226
11288.712224
11288.712223
11288.712221
11288.712220
11288.712218
11288.712217
11288.712215
11288.712214
11288.712212
11288.712211
11288.712209
11288.712208
11288.712206
11288.712205
11288.712203
11288.712202
11288.712200
11288.712199
11288.712197
11288.712195
11288.712194
11288.712192
11288.712191
11288.712189
11288.712188
11288.712186
11288.712185
11288.712183
11288.712182
11288.712180
11288.712179
11288.712177
11288.712176
11288.712174
11288.712173
11288.712171
11288.712170
11288.712168
11288.712167
11288.712165
11288.712164
11288.712162
11288.712161
11288.712159
11288.712158
11288.712156
11288.712155
11288.712153
11288.712152
11288.712150
11288.712148
11288.712147
11288.712145
11288.712144
11288.712142
11288.712141
11288.712139
11288.712138
11288.712136
11288.712135
11288.712133
11288.712132
11288.712130
11288.712129
11288.712127
11288.712126
11288.712124
11288.712123
11288.712121
11288.712120
11288.712118
11288.712117
11288.712115
11288.712114
11288.712112
11288.712111
11288.712109
11288.712108
11288.712106
11288.712105
11288.712103
11288.712102
11288.712100
11288.712098
11288.712097
11288.712095
11288.712094
11288.712092
11288.712091
11288.712089
11288.712088
11288.712086
11288.712085
11288.712083
11288.712082
11288.712080
11288.712079
11288.712077
11288.712076
11288.712074
11288.712073
11288.712071
11288.712070
11288.712068
11288.712067
11288.712065
11288.712064
11288.712062
11288.712061
11288.712059
11288.712058
11288.712056
11288.712055
11288.712053
11288.712051
11288.712050
11288.712048
11288.712047
11288.712045
11288.712044
11288.712042
11288.712041
11288.712039
11288.712038
11288.712036
11288.712035
11288.712033
11288.712032
11288.712030
11288.712029
11288.712027
11288.712026
11288.712024
11288.712023
11288.712021
11288.712020
11288.712018
11288.712017
11288.712015
11288.712014
11288.712012
11288.712011
11288.712009
11288.712008
11288.712006
11288.712004
11288.712003
11288.712001
11288.712000
11288.711998
11288.711997
11288.711995
11288.711994
11288.711992
11288.711991
11288.711989
11288.711988
11288.711986
11288.711985
11288.711983
11288.711982
11288.711980
11288.711979
11288.711977
11288.711976
11288.711974
11288.711973
11288.711971
11288.711970
11288.711968
11288.711967
11288.711965
11288.711964
11288.711962
11288.711961
11288.711959
11288.711958
11288.711956
11288.711954
11288.711953
11288.711951
11288.711950
11288.711948
11288.711947
11288.711945
11287.230170
11273.562455
11191.891466
10909.553442
10262.939989
9975.171870
9951.817333
9950.356692
9950.100643
9950.664118
9950.664119
9950.664124
9950.664175
9950.664682
9950.669761
9950.720719
9950.755894
9950.755902
9950.755909
9950.755916
9950.755924
9950.755931
9950.755939
9950.755946
9950.755954
9950.755961
9950.755969
9950.755976
9950.755984
9950.755991
9950.755998
9950.756006
9950.756013
9950.756021
9950.756028
9950.756036
9950.756043
9950.756051
9950.756058
9950.756065
9950.756073
9950.756080
9950.756088
9950.756095
9950.756103
9950.756110
9950.756118
9950.756125
9950.756132
9950.756140
9950.756147
9950.756155
9950.756162
9950.756170
9950.756177
9950.756184
9950.756192
9950.756199
9950.756207
9950.756214
9950.756222
9950.756229
9950.756236
9950.756244
9950.756251
9950.756259
9950.756266
9950.756273
9950.756281
9950.756288
9950.756296
9950.756303
9950.756311
9950.756318
9950.756325
9950.756333
9950.756340
9950.756348
9950.756355
9950.756362
9950.756370
9950.756377
9950.756385
9950.756392
9950.756399
9950.756407
9950.756414
9950.756422
9950.756429
9950.756436
9950.756444
9950.756451
9950.756459
9950.756466
9950.756473
9950.756481
9950.756488
9950.756496
9950.756503
9950.756510
9950.756518
9950.756525
9950.756533
9950.756540
9950.756547
9950.756555
9950.756562
9950.756569
9950.756577
9950.756584
9950.756592
9950.756599
9950.756606
9950.756614
9950.756621
9950.756628
9950.756636
9950.756643
9950.756651
9950.756658
9950.756665
9950.756673
9950.756680
9950.756687
9950.756695
9950.756702
9950.756710
9950.756717
9950.756724
9950.756732
9950.756739
9950.756746
9950.756754
9950.756761
9950.756768
9950.756776
9950.756783
9950.756791
9950.756798
9950.756805
9950.756813
9950.756820
9950.756827
9950.756835
9950.756842
9950.756849
9950.756857
9950.756864
9950.756871
9950.756879
9950.756886
9950.756894
9950.756901
9950.756908
9950.756916
9950.756923
9950.756930
9950.756938
9950.756945
9950.756952
9950.756960
9950.756967
9950.756974
9950.756982
9950.756989
9950.756996
9950.757004
9950.757011
9950.757018
9950.757026
9950.757033
9950.757040
9950.757048
9950.757055
9950.757062
9950.757070
9950.757077
9950.757084
9950.757092
9950.757099
9950.757106
9950.757114
9950.757121
9950.757128
9950.757136
9950.757143
9950.757150
9950.757158
9950.757165
9950.757172
9950.757180
9950.757187
9950.757194
9950.757201
9950.757209
9950.757216
9950.757223
9950.757231
9950.757238
9950.757245
9950.757253
9950.757260
9950.757267
9950.757275
9950.757282
9950.757289
9950.757297
9950.757304
9950.757311
9950.757318
9950.757326
9950.757333
9950.757340
9950.757348
9950.757355
9950.757362
9950.757370
9950.757377
9950.757384
9950.757391
9950.757399
9950.757406
9950.757413
9950.757421
9950.757428
9950.757435
9950.757442
9950.757450
9950.757457
9950.757464
9950.757472
9950.757479
9950.757486
9950.757494
9950.757501
9950.757508
9950.757515
9950.757523
9950.757530
9950.757537
9950.757545
9950.757552
9950.757559
9950.757566
9950.757574
9950.757581
9950.757588
9950.757595
9950.757603
9950.757610
9950.757617
9950.757625
9950.757632
9950.757639
9950.757646
9950.757654
9950.757661
9950.757668
9950.757675
9950.757683
9950.757690
9950.757697
9950.757705
9950.757712
9950.757719
9950.757726
9950.757734
9950.757741
9950.757748
9950.757755
9950.757763
9950.757770
9950.757777
9950.757784
9950.757792
9950.757799
9950.757806
9950.757813
9950.757821
9950.757828
9950.757835
9950.757842
9950.757850
9950.757857
9950.757864
9950.757871
9950.757879
9950.757886
9950.757893
9950.757900
9950.757908
9950.757915
9950.757922
9950.757929
9950.757937
9950.757944
9950.757951
9950.757958
9950.757966
9950.757973
9950.757980
9950.757987
9950.757995
9950.758002
9950.758009
9950.758016
9950.758024
9950.758031
9950.758038
9950.758045
9950.758052
9950.758060
9950.758067
9950.758074
9950.758081
9950.758089
9950.758096
9950.758103
9950.758110
9950.758118
9950.758125
9950.758132
9950.758139
9950.758146
9950.758154
9950.758161
9950.758168
9950.758175
9950.758183
9950.758190
9950.758197
9950.758204
9950.758211
9950.758219
9950.758226
9950.758233
9950.758240
9950.758248
9950.758255
9950.758262
9950.758269
9950.758276
9950.758284
9950.758291
9950.758298
9950.758305
9950.758312
9950.758320
9950.758327
9950.758334
9950.758341
9950.758348
9950.758356
9950.758363
9950.758370
9950.758377
9950.758384
9950.758392
9950.758399
9950.758406
9950.758413
9950.758420
9950.758428
9950.758435
9950.758442
9950.758449
9950.758456
9950.758464
9950.758471
9950.758478
9950.758485
9950.758492
9950.758500
9950.758507
9950.758514
9950.758521
9950.758528
9950.758536
9950.758543
9950.758550
9950.758557
9950.758564
9950.758572
9950.758579
9950.758586
9950.758593
9950.758600
9950.758607
9950.758615
9950.758622
9950.758629
9950.758636
9950.758643
9950.758651
9950.758658
9950.758665
9950.758672
9950.758679
9950.758686
9950.758694
9950.758701
9950.758708
9950.758715
9950.758722
9950.758729
9950.758737
9950.758744
9950.758751
9950.758758
9950.758765
9950.758772
9950.758780
9950.758787
9950.758794
9950.758801
9950.758808
9950.758815
9950.758823
9950.758830
9950.758837
9950.758844
9950.758851
9950.758858
9950.758866
9950.758873
9950.758880
9950.758887
9950.758894
9950.758901
9950.758909
9950.758916
9950.758923
9950.758930
9950.758937
9950.758944
9950.758951
9950.758959
9950.758966
9950.758973
9950.758980
9950.758987
9950.758994
9950.759001
9950.759009
9950.759016
9950.759023
9950.759030
9950.759037
9950.759044
9950.759052
9950.759059
9950.759066
9950.759073
9950.759080
9950.759087
9950.759094
9950.759102
9950.759109
9950.759116
9950.759123
9950.759130
9950.759137
9950.759144
9950.759151
9950.759159
9950.759166
9950.759173
9950.759180
9950.759187
9950.759194
9950.759201
9950.759209
9950.759216
9950.759223
9950.759230
9950.759237
9950.759244
9950.759251
9950.759258
9950.759266
9950.759273
9950.759280
9950.759287
9950.759294
9950.759301
9950.759308
9950.759315
9950.759323
9950.759330
9950.759337
9950.759344
9950.759351
9950.759358
9950.759365
9950.759372
9950.759380
9950.759387
9950.759394
9950.759401
9950.759408
9950.759415
9950.759422
9950.759429
9950.759436
9950.759444
9950.759451
9950.759458
9950.759465
9950.759472
9950.759479
9950.759486
9950.759493
9950.759500
9950.759508
9950.759515
9950.759522
9950.759529
9950.759536
9950.759543
9950.759550
9950.759557
9950.759564
9950.759571
9950.759579
9950.759586
9950.759593
9950.759600
9950.759607
9950.759614
9950.759621
9950.759628
9950.759635
9950.759642
9950.759650
9950.759657
9950.759664
9950.759671
9950.759678
9950.759685
9950.759692
9950.759699
9950.759706
9950.759713
9950.759720
9950.759728
9950.759735
9950.759742
9950.759749
9950.759756
9950.759763
9950.759770
9950.759777
9950.759784
9950.759791
9950.759798
9950.759805
9950.759813
9950.759820
9950.759827
9950.759834
9950.759841
9950.759848
9950.759855
9950.759862
9950.759869
9950.759876
9950.759883
9950.759890
9950.759897
9950.759905
9950.759912
9950.759919
9950.759926
9950.759933
9950.759940
9950.759947
9950.759954
9950.759961
9950.759968
9950.759975
9950.759982
9950.759989
9950.759996
9950.760004
9950.760011
9950.760018
9950.760025
9950.760032
9950.760039
9950.760046
9950.760053
9950.760060
9950.760067
9950.760074
9950.760081
9950.760088
9950.760095
9950.760102
9950.760109
9950.760117
9950.760124
9950.760131
9950.760138
9950.760145
9950.760152
9950.760159
9950.760166
9950.760173
9950.760180
9950.760187
9950.760194
9950.760201
9950.760208
9950.760215
9950.760222
9950.760229
9950.760236
9950.760244
9950.760251
9950.760258
9950.760265
9950.760272
9950.760279
9950.760286
9950.760293
9950.760300
9950.760307
9950.760314
9950.760321
9950.760328
9950.760335
9950.760342
9950.760349
9950.760356
9950.760363
9950.760370
9950.760377
9950.760384
9950.760391
9950.760398
9950.760405
9950.760413
9950.760420
9950.760427
9950.760434
9950.760441
9950.760448
9950.760455
9950.760462
9950.760469
9950.760476
9950.760483
9950.760490
9950.760497
9950.760504
9950.760511
9950.760518
9950.760525
9950.760532
9950.760539
9950.760546
9950.760553
9950.760560
9950.760567
9950.760574
9950.760581
9950.760588
9950.760595
9950.760602
9950.760609
9950.760616
9950.760623
9950.760630
9950.760637
9950.760644
9950.760651
9950.760658
9950.760665
9950.760673
9950.760680
9950.760687
9950.760694
9950.760701
9950.760708
9950.760715
9950.760722
9950.760729
9950.760736
9950.760743
9950.760750
9950.760757
9950.760764
9950.760771
9950.760778
9950.760785
9950.760792
9950.760799
9950.760806
9950.760813
9950.760820
9950.760827
9950.760834
9950.760841
9950.760848
9950.760855
9950.760862
9950.760869
9950.760876
9950.760883
9950.760890
9950.760897
9950.760904
9950.760911
9950.760918
9950.760925
9950.760932
9950.760939
9950.760946
9950.760953
9950.760960
9950.760967
9950.760974
9950.760981
9950.760988
9950.760995
9950.761002
9950.761009
9950.761016
9950.761023
9950.761030
9950.761037
9950.761044
9950.761051
9950.761058
9950.761065
9950.761072
9950.761079
9950.761086
9950.761093
9950.761100
9950.761107
9950.761114
9950.761121
9950.761128
9950.761135
9950.761142
9950.761149
9950.761155
9950.761162
9950.761169
9950.761176
9950.761183
9950.761190
9950.761197
9950.761204
9950.761211
9950.761218
9950.761225
9950.761232
9950.761239
9950.761246
9950.761253
9950.761260
9950.761267
9950.761274
9950.761281
9950.761288
9950.761295
9950.761302
9950.761309
9950.761316
9950.761323
9950.761330
9950.761337
9950.761344
9950.761351
9950.761358
9950.761365
9950.761372
9950.761379
9950.761386
9950.761393
9950.761400
9950.761407
9950.761414
9950.761420
9950.761427
9950.761434
9950.761441
9950.761448
9950.761455
9950.761462
9950.761469
9950.761476
9950.761483
9950.761490
9950.761497
9950.761504
9950.761511
9950.761518
9950.761525
9950.761532
9950.761539
9950.761546
9950.761553
9950.761560
9950.761567
9950.761574
9950.761581
9950.761588
9950.761594
9950.761601
9950.761608
9950.761615
9950.761622
9950.761629
9950.761636
9950.761643
9950.761650
9950.761657
9950.761664
9950.761671
9950.761678
9950.761685
9950.761692
9950.761699
9950.761706
9950.761713
9950.761720
9950.761726
9950.761733
9950.761740
9950.761747
9950.761754
9950.761761
9950.761768
9950.761775
9950.761782
9950.761789
9950.761796
9950.761803
9950.761810
9950.761817
9950.761824
9950.761831
9950.761838
9950.761844
9950.761851
9950.761858
9950.761865
9950.761872
9950.761879
9950.761886
9950.761893
9950.761900
9950.761907
9950.761914
9950.761921
9950.761928
9950.761935
9950.761942
9950.761948
9950.761955
9950.761962
9950.761969
9950.761976
9950.761983
9950.761990
9950.761997
9950.762004
9950.762011
9950.762018
9950.762025
9950.762032
9950.762039
9950.762045
9950.762052
9950.762059
9950.762066
9950.762073
9950.762080
9950.762087
9950.762094
9950.762101
9950.762108
9950.762115
9950.762122
9950.762129
9950.762135
9950.762142
9950.762149
9950.762156
9950.762163
9950.762170
9950.762177
9950.762184
9950.762191
9950.762198
9950.762205
9950.762211
9950.762218
9950.762225
9950.762232
9950.762239
9950.762246
9950.762253
9950.762260
9950.762267
9950.762274
9950.762281
9950.762288
9950.762294
9950.762301
9950.762308
9950.762315
9950.762322
9950.762329
9950.762336
9950.762343
9950.762350
9950.762357
9950.762363
9950.762370
9950.762377
9950.762384
9950.762391
9950.762398
9950.762405
9950.762412
9950.762419
9950.762426
9950.762432
9950.762439
9950.762446
9950.762453
9950.762460
9950.762467
9950.762474
9950.762481
9950.762488
9950.762495
9950.762501
9950.762508
9950.762515
9950.762522
9950.762529
9950.762536
9950.762543
9950.762550
9950.762557
9950.762563
9950.762570
9950.762577
9950.762584
9950.762591
9950.762598
9950.762605
9950.762612
9950.762619
9950.762625
9950.762632
9950.762639
9950.762646
9950.762653
9950.762660
9950.762667
9950.762674
9950.762681
9950.762687
9950.762694
9950.762701
9950.762708
9950.762715
9950.762722
9950.762729
9950.762736
9950.762743
9950.762749
9950.762756
9950.762763
9950.762770
9950.762777
9950.762784
9950.762791
9950.762798
9950.762804
9950.762811
9950.762818
9950.762825
9950.762832
9950.762839
9950.762846
9950.762853
9950.762859
9950.762866
9950.762873
9950.762880
9950.762887
9950.762894
9950.762901
9950.762908
9950.762914
9950.762921
9950.762928
9950.762935
9950.762942
9950.762949
9950.762956
9950.762962
9950.762969
9950.762976
9950.762983
9950.762990
9950.762997
9950.763004
9950.763011
9950.763017
9950.763024
9950.763031
9950.763038
9950.763045
9950.763052
9950.763059
9950.763065
9950.763072
9950.763079
9950.763086
9950.763093
9950.763100
9950.763107
9950.763113
9950.763120
9950.763127
9950.763134
9950.763141
9950.763148
9950.763155
9950.763161
9950.763168
9950.763175
9950.763182
9950.763189
9950.763196
9950.763203
9950.763209
9950.763216
9950.763223
9950.763230
9950.763237
9950.763244
9950.763251
9950.763257
9950.763264
9950.763271
9950.763278
9950.763285
9950.763292
9950.763298
9950.763305
9950.763312
9950.763319
9950.763326
9950.763333
9950.763340
9950.763346
9950.763353
9950.763360
9950.763367
9950.763374
9950.763381
9950.763387
9950.763394
9950.763401
9950.763408
9950.763415
9950.763422
9950.763428
9950.763435
9950.763442
9950.763449
9950.763456
9950.763463
9950.763470
9950.763476
9950.763483
9950.763490
9950.763497
9950.763504
9950.763511
9950.763517
9950.763524
9950.763531
9950.763538
9950.763545
9950.763552
9950.763558
9950.763565
9950.763572
9950.763579
9950.763586
9950.763593
9950.763599
9950.763606
9950.763613
9950.763620
9950.763627
9950.763634
9950.763640
9950.763647
9950.763654
9950.763661
9950.763668
9950.763674
9950.763681
9950.763688
9950.763695
9950.763702
9950.763709
9950.763715
9950.763722
9950.763729
9950.763736
9950.763743
9950.763750
9950.763756
9950.763763
9950.763770
9950.763777
9950.763784
9950.763790
9950.763797
9950.763804
9950.763811
9950.763818
9950.763825
9950.763831
9950.763838
9950.763845
9950.763852
9950.763859
9950.763865
9950.763872
9950.763879
9950.763886
9950.763893
9950.763900
9950.763906
9950.763913
9950.763920
9950.763927
9950.763934
9950.763940
9950.763947
9950.763954
9950.763961
9950.763968
9950.763974
9950.763981
9950.763988
9950.763995
9950.764002
9950.764008
9950.764015
9950.764022
9950.764029
9950.764036
9950.764042
9950.764049
9950.764056
9950.764063
9950.764070
9950.764077
9950.764083
9950.764090
9950.764097
9950.764104
9950.764111
9950.764117
9950.764124
9950.764131
9950.764138
9950.764145
9950.764151
9950.764158
9950.764165
9950.764172
9950.764179
9950.764185
9950.764192
9950.764199
9950.764206
9950.764213
9950.764219
9950.764226
9950.764233
9950.764240
9950.764246
9950.764253
9950.764260
9950.764267
9950.764274
9950.764280
9950.764287
9950.764294
9950.764301
9950.764308
9950.764314
9950.764321
9950.764328
9950.764335
9950.764342
9950.764348
9950.764355
9950.764362
9950.764369
9950.764375
9950.764382
9950.764451
9950.765135
9950.771700
9950.821926
9950.979571
9951.102987
9951.163502
9950.873571
9950.292015
9950.179991
