0.001000
0.002000
0.003000
0.004000
0.005000
0.006000
0.016000
0.116000
1.116000
11.116000
111.116000
141.116000
171.116000
180.000000
180.100000
180.200000
180.300000
180.400000
180.500000
180.600000
180.700000
180.800000
180.900000
181.000000
181.100000
181.200000
181.300000
181.400000
181.500000
181.600000
181.700000
181.800000
181.900000
182.000000
182.100000
182.200000
182.300000
182.400000
182.500000
182.600000
182.700000
182.800000
182.900000
183.000000
183.100000
183.200000
183.300000
183.400000
183.500000
183.600000
183.700000
183.800000
183.900000
184.000000
184.100000
184.200000
184.300000
184.400000
184.500000
184.600000
184.700000
184.800000
184.900000
185.000000
185.100000
185.200000
185.300000
185.400000
185.500000
185.600000
185.700000
185.800000
185.900000
186.000000
186.100000
186.200000
186.300000
186.400000
186.500000
186.600000
186.700000
186.800000
186.900000
187.000000
187.100000
187.200000
187.300000
187.400000
187.500000
187.600000
187.700000
187.800000
187.900000
188.000000
188.100000
188.200000
188.300000
188.400000
188.500000
188.600000
188.700000
188.800000
188.900000
189.000000
189.100000
189.200000
189.300000
189.400000
189.500000
189.600000
189.700000
189.800000
189.900000
190.000000
190.100000
190.200000
190.300000
190.400000
190.500000
190.600000
190.700000
190.800000
190.900000
191.000000
191.100000
191.200000
191.300000
191.400000
191.500000
191.600000
191.700000
191.800000
191.900000
192.000000
192.100000
192.200000
192.300000
192.400000
192.500000
192.600000
192.700000
192.800000
192.900000
193.000000
193.100000
193.200000
193.300000
193.400000
193.500000
193.600000
193.700000
193.800000
193.900000
194.000000
194.100000
194.200000
194.300000
194.400000
194.500000
194.600000
194.700000
194.800000
194.900000
195.000000
195.100000
195.200000
195.300000
195.400000
195.500000
195.600000
195.700000
195.800000
195.900000
196.000000
196.100000
196.200000
196.300000
196.400000
196.500000
196.600000
196.700000
196.800000
196.900000
197.000000
197.100000
197.200000
197.300000
197.400000
197.500000
197.600000
197.700000
197.800000
197.900000
198.000000
198.100000
198.200000
198.300000
198.400000
198.500000
198.600000
198.700000
198.800000
198.900000
199.000000
199.100000
199.200000
199.300000
199.400000
199.500000
199.600000
199.700000
199.800000
199.900000
200.000000
200.100000
200.200000
200.300000
200.400000
200.500000
200.600000
200.700000
200.800000
200.900000
201.000000
201.100000
201.200000
201.300000
201.400000
201.500000
201.600000
201.700000
201.800000
201.900000
202.000000
202.100000
202.200000
202.300000
202.400000
202.500000
202.600000
202.700000
202.800000
202.900000
203.000000
203.100000
203.200000
203.300000
203.400000
203.500000
203.600000
203.700000
203.800000
203.900000
204.000000
204.100000
204.200000
204.300000
204.400000
204.500000
204.600000
204.700000
204.800000
204.900000
205.000000
205.100000
205.200000
205.300000
205.400000
205.500000
205.600000
205.700000
205.800000
205.900000
206.000000
206.100000
206.200000
206.300000
206.400000
206.500000
206.600000
206.700000
206.800000
206.900000
207.000000
207.100000
207.200000
207.300000
207.400000
207.500000
207.600000
207.700000
207.800000
207.900000
208.000000
208.100000
208.200000
208.300000
208.400000
208.500000
208.600000
208.700000
208.800000
208.900000
209.000000
209.100000
209.200000
209.300000
209.400000
209.500000
209.600000
209.700000
209.800000
209.900000
210.000000
210.100000
210.200000
210.300000
210.400000
210.500000
210.600000
210.700000
210.800000
210.900000
211.000000
211.100000
211.200000
211.300000
211.400000
211.500000
211.600000
211.700000
211.800000
211.900000
212.000000
212.100000
212.200000
212.300000
212.400000
212.500000
212.600000
212.700000
212.800000
212.900000
213.000000
213.100000
213.200000
213.300000
213.400000
213.500000
213.600000
213.700000
213.800000
213.900000
214.000000
214.100000
214.200000
214.300000
214.400000
214.500000
214.600000
214.700000
214.800000
214.900000
215.000000
215.100000
215.200000
215.300000
215.400000
215.500000
215.600000
215.700000
215.800000
215.900000
216.000000
216.100000
216.200000
216.300000
216.400000
216.500000
216.600000
216.700000
216.800000
216.900000
217.000000
217.100000
217.200000
217.300000
217.400000
217.500000
217.600000
217.700000
217.800000
217.900000
218.000000
218.100000
218.200000
218.300000
218.400000
218.500000
218.600000
218.700000
218.800000
218.900000
219.000000
219.100000
219.200000
219.300000
219.400000
219.500000
219.600000
219.700000
219.800000
219.900000
220.000000
220.100000
220.200000
220.300000
220.400000
220.500000
220.600000
220.700000
220.800000
220.900000
221.000000
221.100000
221.200000
221.300000
221.400000
221.500000
221.600000
221.700000
221.800000
221.900000
222.000000
222.100000
222.200000
222.300000
222.400000
222.500000
222.600000
222.700000
222.800000
222.900000
223.000000
223.100000
223.200000
223.300000
223.400000
223.500000
223.600000
223.700000
223.800000
223.900000
224.000000
224.100000
224.200000
224.300000
224.400000
224.500000
224.600000
224.700000
224.800000
224.900000
225.000000
225.100000
225.200000
225.300000
225.400000
225.500000
225.600000
225.700000
225.800000
225.900000
226.000000
226.100000
226.200000
226.300000
226.400000
226.500000
226.600000
226.700000
226.800000
226.900000
227.000000
227.100000
227.200000
227.300000
227.400000
227.500000
227.600000
227.700000
227.800000
227.900000
228.000000
228.100000
228.200000
228.300000
228.400000
228.500000
228.600000
228.700000
228.800000
228.900000
229.000000
229.100000
229.200000
229.300000
229.400000
229.500000
229.600000
229.700000
229.800000
229.900000
230.000000
230.100000
230.200000
230.300000
230.400000
230.500000
230.600000
230.700000
230.800000
230.900000
231.000000
231.100000
231.200000
231.300000
231.400000
231.500000
231.600000
231.700000
231.800000
231.900000
232.000000
232.100000
232.200000
232.300000
232.400000
232.500000
232.600000
232.700000
232.800000
232.900000
233.000000
233.100000
233.200000
233.300000
233.400000
233.500000
233.600000
233.700000
233.800000
233.900000
234.000000
234.100000
234.200000
234.300000
234.400000
234.500000
234.600000
234.700000
234.800000
234.900000
235.000000
235.100000
235.200000
235.300000
235.400000
235.500000
235.600000
235.700000
235.800000
235.900000
236.000000
236.100000
236.200000
236.300000
236.400000
236.500000
236.600000
236.700000
236.800000
236.900000
237.000000
237.100000
237.200000
237.300000
237.400000
237.500000
237.600000
237.700000
237.800000
237.900000
238.000000
238.100000
238.200000
238.300000
238.400000
238.500000
238.600000
238.700000
238.800000
238.900000
239.000000
239.100000
239.200000
239.300000
239.400000
239.500000
239.600000
239.700000
239.800000
239.900000
240.000000
240.100000
240.200000
240.300000
240.400000
240.500000
240.600000
240.700000
240.800000
240.900000
241.000000
241.100000
241.200000
241.300000
241.400000
241.500000
241.600000
241.700000
241.800000
241.900000
242.000000
242.100000
242.200000
242.300000
242.400000
242.500000
242.600000
242.700000
242.800000
242.900000
243.000000
243.100000
243.200000
243.300000
243.400000
243.500000
243.600000
243.700000
243.800000
243.900000
244.000000
244.100000
244.200000
244.300000
244.400000
244.500000
244.600000
244.700000
244.800000
244.900000
245.000000
245.100000
245.200000
245.300000
245.400000
245.500000
245.600000
245.700000
245.800000
245.900000
246.000000
246.100000
246.200000
246.300000
246.400000
246.500000
246.600000
246.700000
246.800000
246.900000
247.000000
247.100000
247.200000
247.300000
247.400000
247.500000
247.600000
247.700000
247.800000
247.900000
248.000000
248.100000
248.200000
248.300000
248.400000
248.500000
248.600000
248.700000
248.800000
248.900000
249.000000
249.100000
249.200000
249.300000
249.400000
249.500000
249.600000
249.700000
249.800000
249.900000
250.000000
250.100000
250.200000
250.300000
250.400000
250.500000
250.600000
250.700000
250.800000
250.900000
251.000000
251.100000
251.200000
251.300000
251.400000
251.500000
251.600000
251.700000
251.800000
251.900000
252.000000
252.100000
252.200000
252.300000
252.400000
252.500000
252.600000
252.700000
252.800000
252.900000
253.000000
253.100000
253.200000
253.300000
253.400000
253.500000
253.600000
253.700000
253.800000
253.900000
254.000000
254.100000
254.200000
254.300000
254.400000
254.500000
254.600000
254.700000
254.800000
254.900000
255.000000
255.100000
255.200000
255.300000
255.400000
255.500000
255.600000
255.700000
255.800000
255.900000
256.000000
256.100000
256.200000
256.300000
256.400000
256.500000
256.600000
256.700000
256.800000
256.900000
257.000000
257.100000
257.200000
257.300000
257.400000
257.500000
257.600000
257.700000
257.800000
257.900000
258.000000
258.100000
258.200000
258.300000
258.400000
258.500000
258.600000
258.700000
258.800000
258.900000
259.000000
259.100000
259.200000
259.300000
259.400000
259.500000
259.600000
259.700000
259.800000
259.900000
260.000000
260.100000
260.200000
260.300000
260.400000
260.500000
260.600000
260.700000
260.800000
260.900000
261.000000
261.100000
261.200000
261.300000
261.400000
261.500000
261.600000
261.700000
261.800000
261.900000
262.000000
262.100000
262.200000
262.300000
262.400000
262.500000
262.600000
262.700000
262.800000
262.900000
263.000000
263.100000
263.200000
263.300000
263.400000
263.500000
263.600000
263.700000
263.800000
263.900000
264.000000
264.100000
264.200000
264.300000
264.400000
264.500000
264.600000
264.700000
264.800000
264.900000
265.000000
265.100000
265.200000
265.300000
265.400000
265.500000
265.600000
265.700000
265.800000
265.900000
266.000000
266.100000
266.200000
266.300000
266.400000
266.500000
266.600000
266.700000
266.800000
266.900000
267.000000
267.100000
267.200000
267.300000
267.400000
267.500000
267.600000
267.700000
267.800000
267.900000
268.000000
268.100000
268.200000
268.300000
268.400000
268.500000
268.600000
268.700000
268.800000
268.900000
269.000000
269.100000
269.200000
269.300000
269.400000
269.500000
269.600000
269.700000
269.800000
269.900000
270.000000
270.100000
270.200000
270.300000
270.400000
270.500000
270.600000
270.700000
270.800000
270.900000
271.000000
271.100000
271.200000
271.300000
271.400000
271.500000
271.600000
271.700000
271.800000
271.900000
272.000000
272.100000
272.200000
272.300000
272.400000
272.500000
272.600000
272.700000
272.800000
272.900000
273.000000
273.100000
273.200000
273.300000
273.400000
273.500000
273.600000
273.700000
273.800000
273.900000
274.000000
274.100000
274.200000
274.300000
274.400000
274.500000
274.600000
274.700000
274.800000
274.900000
275.000000
275.100000
275.200000
275.300000
275.400000
275.500000
275.600000
275.700000
275.800000
275.900000
276.000000
276.100000
276.200000
276.300000
276.400000
276.500000
276.600000
276.700000
276.800000
276.900000
277.000000
277.100000
277.200000
277.300000
277.400000
277.500000
277.600000
277.700000
277.800000
277.900000
278.000000
278.100000
278.200000
278.300000
278.400000
278.500000
278.600000
278.700000
278.800000
278.900000
279.000000
279.100000
279.200000
279.300000
279.400000
279.500000
279.600000
279.700000
279.800000
279.900000
280.000000
280.100000
280.200000
280.300000
280.400000
280.500000
280.600000
280.700000
280.800000
280.900000
281.000000
281.100000
281.200000
281.300000
281.400000
281.500000
281.600000
281.700000
281.800000
281.900000
282.000000
282.100000
282.200000
282.300000
282.400000
282.500000
282.600000
282.700000
282.800000
282.900000
283.000000
283.100000
283.200000
283.300000
283.400000
283.500000
283.600000
283.700000
283.800000
283.900000
284.000000
284.100000
284.200000
284.300000
284.400000
284.500000
284.600000
284.700000
284.800000
284.900000
285.000000
285.100000
285.200000
285.300000
285.400000
285.500000
285.600000
285.700000
285.800000
285.900000
286.000000
286.100000
286.200000
286.300000
286.400000
286.500000
286.600000
286.700000
286.800000
286.900000
287.000000
287.100000
287.200000
287.300000
287.400000
287.500000
287.600000
287.700000
287.800000
287.900000
288.000000
288.100000
288.200000
288.300000
288.400000
288.500000
288.600000
288.700000
288.800000
288.900000
289.000000
289.100000
289.200000
289.300000
289.400000
289.500000
289.600000
289.700000
289.800000
289.900000
290.000000
290.100000
290.200000
290.300000
290.400000
290.500000
290.600000
290.700000
290.800000
290.900000
291.000000
291.100000
291.200000
291.300000
291.400000
291.500000
291.600000
291.700000
291.800000
291.900000
292.000000
292.100000
292.200000
292.300000
292.400000
292.500000
292.600000
292.700000
292.800000
292.900000
293.000000
293.100000
293.200000
293.300000
293.400000
293.500000
293.600000
293.700000
293.800000
293.900000
294.000000
294.100000
294.200000
294.300000
294.400000
294.500000
294.600000
294.700000
294.800000
294.900000
295.000000
295.100000
295.200000
295.300000
295.400000
295.500000
295.600000
295.700000
295.800000
295.900000
296.000000
296.100000
296.200000
296.300000
296.400000
296.500000
296.600000
296.700000
296.800000
296.900000
297.000000
297.100000
297.200000
297.300000
297.400000
297.500000
297.600000
297.700000
297.800000
297.900000
298.000000
298.100000
298.200000
298.300000
298.400000
298.500000
298.600000
298.700000
298.800000
298.900000
299.000000
299.100000
299.200000
299.300000
299.400000
299.500000
299.600000
299.700000
299.800000
299.900000
300.000000
301.000000
311.000000
411.000000
1411.000000
11410.999999
111410.999994
1111410.999937
11111410.999371
26663410.999371
31536300.000000
31536300.001000
31536300.011000
31536300.111000
31536301.111000
31536311.111000
31536411.111000
31536480.000000
31536480.100000
31536480.200000
31536480.300000
31536480.400000
31536480.500000
31536480.600000
31536480.700000
31536480.800000
31536480.900000
31536481.000000
31536481.100000
31536481.200000
31536481.300000
31536481.400000
31536481.500000
31536481.600000
31536481.700000
31536481.800000
31536481.900000
31536482.000000
31536482.100000
31536482.200000
31536482.300000
31536482.400000
31536482.500000
31536482.600000
31536482.700000
31536482.800000
31536482.900000
31536483.000000
31536483.100000
31536483.200000
31536483.300000
31536483.400000
31536483.500000
31536483.600000
31536483.700000
31536483.800000
31536483.900000
31536484.000000
31536484.100000
31536484.200000
31536484.300000
31536484.400000
31536484.500000
31536484.600000
31536484.700000
31536484.800000
31536484.900000
31536485.000000
31536485.100000
31536485.200000
31536485.300000
31536485.400000
31536485.500000
31536485.600000
31536485.700000
31536485.800000
31536485.900000
31536486.000000
31536486.100000
31536486.200000
31536486.300000
31536486.400000
31536486.500000
31536486.600000
31536486.700000
31536486.800000
31536486.900000
31536487.000000
31536487.100000
31536487.200000
31536487.300000
31536487.400000
31536487.500000
31536487.600000
31536487.700000
31536487.800000
31536487.900000
31536488.000000
31536488.100000
31536488.200000
31536488.300000
31536488.400000
31536488.500000
31536488.600000
31536488.700000
31536488.800000
31536488.900000
31536489.000000
31536489.100000
31536489.200000
31536489.300000
31536489.400000
31536489.500000
31536489.600000
31536489.700000
31536489.800000
31536489.900000
31536490.000000
31536490.100000
31536490.200000
31536490.300000
31536490.400000
31536490.500000
31536490.600000
31536490.700000
31536490.800000
31536490.900000
31536491.000000
31536491.100000
31536491.200000
31536491.300000
31536491.400000
31536491.500000
31536491.600000
31536491.700000
31536491.800000
31536491.900000
31536492.000000
31536492.100000
31536492.200000
31536492.300000
31536492.400000
31536492.500000
31536492.600000
31536492.700000
31536492.800000
31536492.900000
31536493.000000
31536493.100000
31536493.200000
31536493.300000
31536493.400000
31536493.500000
31536493.600000
31536493.700000
31536493.800000
31536493.900000
31536494.000000
31536494.100000
31536494.200000
31536494.300000
31536494.400000
31536494.500000
31536494.600000
31536494.700000
31536494.800000
31536494.900000
31536495.000000
31536495.100000
31536495.200000
31536495.300000
31536495.400000
31536495.500000
31536495.600000
31536495.700000
31536495.800000
31536495.900000
31536496.000000
31536496.100000
31536496.200000
31536496.300000
31536496.400000
31536496.500000
31536496.600000
31536496.700000
31536496.800000
31536496.900000
31536497.000000
31536497.100000
31536497.200000
31536497.300000
31536497.400000
31536497.500000
31536497.600000
31536497.700000
31536497.800000
31536497.900000
31536498.000000
31536498.100000
31536498.200000
31536498.300000
31536498.400000
31536498.500000
31536498.600000
31536498.700000
31536498.800000
31536498.900000
31536499.000000
31536499.100000
31536499.200000
31536499.300000
31536499.400000
31536499.500000
31536499.600000
31536499.700000
31536499.800000
31536499.900000
31536500.000000
31536500.100000
31536500.200000
31536500.300000
31536500.400000
31536500.500000
31536500.600000
31536500.700000
31536500.800000
31536500.900000
31536501.000000
31536501.100000
31536501.200000
31536501.300000
31536501.400000
31536501.500000
31536501.600000
31536501.700000
31536501.800000
31536501.900000
31536502.000000
31536502.100000
31536502.200000
31536502.300000
31536502.400000
31536502.500000
31536502.600000
31536502.700000
31536502.800000
31536502.900000
31536503.000000
31536503.100000
31536503.200000
31536503.300000
31536503.400000
31536503.500000
31536503.600000
31536503.700000
31536503.800000
31536503.900000
31536504.000000
31536504.100000
31536504.200000
31536504.300000
31536504.400000
31536504.500000
31536504.600000
31536504.700000
31536504.800000
31536504.900000
31536505.000000
31536505.100000
31536505.200000
31536505.300000
31536505.400000
31536505.500000
31536505.600000
31536505.700000
31536505.800000
31536505.900000
31536506.000000
31536506.100000
31536506.200000
31536506.300000
31536506.400000
31536506.500000
31536506.600000
31536506.700000
31536506.800000
31536506.900000
31536507.000000
31536507.100000
31536507.200000
31536507.300000
31536507.400000
31536507.500000
31536507.600000
31536507.700000
31536507.800000
31536507.900000
31536508.000000
31536508.100000
31536508.200000
31536508.300000
31536508.400000
31536508.500000
31536508.600000
31536508.700000
31536508.800000
31536508.900000
31536509.000000
31536509.100000
31536509.200000
31536509.300000
31536509.400000
31536509.500000
31536509.600000
31536509.700000
31536509.800000
31536509.900000
31536510.000000
31536510.100000
31536510.200000
31536510.300000
31536510.400000
31536510.500000
31536510.600000
31536510.700000
31536510.800000
31536510.900000
31536511.000000
31536511.100000
31536511.200000
31536511.300000
31536511.400000
31536511.500000
31536511.600000
31536511.700000
31536511.800000
31536511.900000
31536512.000000
31536512.100000
31536512.200000
31536512.300000
31536512.400000
31536512.500000
31536512.600000
31536512.700000
31536512.800000
31536512.900000
31536513.000000
31536513.100000
31536513.200000
31536513.300000
31536513.400000
31536513.500000
31536513.600001
31536513.700001
31536513.800001
31536513.900001
31536514.000001
31536514.100001
31536514.200001
31536514.300001
31536514.400001
31536514.500001
31536514.600001
31536514.700001
31536514.800001
31536514.900001
31536515.000001
31536515.100001
31536515.200001
31536515.300001
31536515.400001
31536515.500001
31536515.600001
31536515.700001
31536515.800001
31536515.900001
31536516.000001
31536516.100001
31536516.200001
31536516.300001
31536516.400001
31536516.500001
31536516.600001
31536516.700001
31536516.800001
31536516.900001
31536517.000001
31536517.100001
31536517.200001
31536517.300001
31536517.400001
31536517.500001
31536517.600001
31536517.700001
31536517.800001
31536517.900001
31536518.000001
31536518.100001
31536518.200001
31536518.300001
31536518.400001
31536518.500001
31536518.600001
31536518.700001
31536518.800001
31536518.900001
31536519.000001
31536519.100001
31536519.200001
31536519.300001
31536519.400001
31536519.500001
31536519.600001
31536519.700001
31536519.800001
31536519.900001
31536520.000001
31536520.100001
31536520.200001
31536520.300001
31536520.400001
31536520.500001
31536520.600001
31536520.700001
31536520.800001
31536520.900001
31536521.000001
31536521.100001
31536521.200001
31536521.300001
31536521.400001
31536521.500001
31536521.600001
31536521.700001
31536521.800001
31536521.900001
31536522.000001
31536522.100001
31536522.200001
31536522.300001
31536522.400001
31536522.500001
31536522.600001
31536522.700001
31536522.800001
31536522.900001
31536523.000001
31536523.100001
31536523.200001
31536523.300001
31536523.400001
31536523.500001
31536523.600001
31536523.700001
31536523.800001
31536523.900001
31536524.000001
31536524.100001
31536524.200001
31536524.300001
31536524.400001
31536524.500001
31536524.600001
31536524.700001
31536524.800001
31536524.900001
31536525.000001
31536525.100001
31536525.200001
31536525.300001
31536525.400001
31536525.500001
31536525.600001
31536525.700001
31536525.800001
31536525.900001
31536526.000001
31536526.100001
31536526.200001
31536526.300001
31536526.400001
31536526.500001
31536526.600001
31536526.700001
31536526.800001
31536526.900001
31536527.000001
31536527.100001
31536527.200001
31536527.300001
31536527.400001
31536527.500001
31536527.600001
31536527.700001
31536527.800001
31536527.900001
31536528.000001
31536528.100001
31536528.200001
31536528.300001
31536528.400001
31536528.500001
31536528.600001
31536528.700001
31536528.800001
31536528.900001
31536529.000001
31536529.100001
31536529.200001
31536529.300001
31536529.400001
31536529.500001
31536529.600001
31536529.700001
31536529.800001
31536529.900001
31536530.000001
31536530.100001
31536530.200001
31536530.300001
31536530.400001
31536530.500001
31536530.600001
31536530.700001
31536530.800001
31536530.900001
31536531.000001
31536531.100001
31536531.200001
31536531.300001
31536531.400001
31536531.500001
31536531.600001
31536531.700001
31536531.800001
31536531.900001
31536532.000001
31536532.100001
31536532.200001
31536532.300001
31536532.400001
31536532.500001
31536532.600001
31536532.700001
31536532.800001
31536532.900001
31536533.000001
31536533.100001
31536533.200001
31536533.300001
31536533.400001
31536533.500001
31536533.600001
31536533.700001
31536533.800001
31536533.900001
31536534.000001
31536534.100001
31536534.200001
31536534.300001
31536534.400001
31536534.500001
31536534.600001
31536534.700001
31536534.800001
31536534.900001
31536535.000001
31536535.100001
31536535.200001
31536535.300001
31536535.400001
31536535.500001
31536535.600001
31536535.700001
31536535.800001
31536535.900001
31536536.000001
31536536.100001
31536536.200001
31536536.300001
31536536.400001
31536536.500001
31536536.600001
31536536.700001
31536536.800001
31536536.900001
31536537.000001
31536537.100001
31536537.200001
31536537.300001
31536537.400001
31536537.500001
31536537.600001
31536537.700001
31536537.800001
31536537.900001
31536538.000001
31536538.100001
31536538.200001
31536538.300001
31536538.400001
31536538.500001
31536538.600001
31536538.700001
31536538.800001
31536538.900001
31536539.000001
31536539.100001
31536539.200001
31536539.300001
31536539.400001
31536539.500001
31536539.600001
31536539.700001
31536539.800001
31536539.900001
31536540.000001
31536540.100001
31536540.200001
31536540.300001
31536540.400001
31536540.500001
31536540.600001
31536540.700001
31536540.800001
31536540.900001
31536541.000001
31536541.100001
31536541.200001
31536541.300001
31536541.400001
31536541.500001
31536541.600001
31536541.700001
31536541.800001
31536541.900001
31536542.000001
31536542.100001
31536542.200001
31536542.300001
31536542.400001
31536542.500001
31536542.600001
31536542.700001
31536542.800001
31536542.900001
31536543.000001
31536543.100001
31536543.200001
31536543.300001
31536543.400001
31536543.500001
31536543.600001
31536543.700001
31536543.800001
31536543.900001
31536544.000001
31536544.100001
31536544.200001
31536544.300001
31536544.400001
31536544.500001
31536544.600001
31536544.700001
31536544.800001
31536544.900001
31536545.000001
31536545.100001
31536545.200001
31536545.300001
31536545.400001
31536545.500001
31536545.600001
31536545.700001
31536545.800001
31536545.900001
31536546.000001
31536546.100001
31536546.200001
31536546.300001
31536546.400001
31536546.500001
31536546.600001
31536546.700001
31536546.800001
31536546.900001
31536547.000001
31536547.100001
31536547.200001
31536547.300001
31536547.400001
31536547.500001
31536547.600001
31536547.700001
31536547.800001
31536547.900001
31536548.000001
31536548.100001
31536548.200001
31536548.300001
31536548.400001
31536548.500001
31536548.600001
31536548.700001
31536548.800001
31536548.900001
31536549.000001
31536549.100001
31536549.200001
31536549.300001
31536549.400001
31536549.500001
31536549.600001
31536549.700001
31536549.800001
31536549.900001
31536550.000001
31536550.100001
31536550.200001
31536550.300001
31536550.400001
31536550.500001
31536550.600001
31536550.700001
31536550.800001
31536550.900001
31536551.000001
31536551.100001
31536551.200001
31536551.300001
31536551.400001
31536551.500001
31536551.600001
31536551.700001
31536551.800001
31536551.900001
31536552.000001
31536552.100001
31536552.200001
31536552.300001
31536552.400001
31536552.500001
31536552.600001
31536552.700001
31536552.800001
31536552.900001
31536553.000001
31536553.100001
31536553.200001
31536553.300001
31536553.400001
31536553.500001
31536553.600001
31536553.700001
31536553.800001
31536553.900001
31536554.000001
31536554.100001
31536554.200001
31536554.300001
31536554.400001
31536554.500001
31536554.600001
31536554.700001
31536554.800001
31536554.900001
31536555.000001
31536555.100001
31536555.200001
31536555.300001
31536555.400001
31536555.500001
31536555.600001
31536555.700001
31536555.800001
31536555.900001
31536556.000001
31536556.100001
31536556.200001
31536556.300001
31536556.400001
31536556.500001
31536556.600001
31536556.700001
31536556.800001
31536556.900001
31536557.000001
31536557.100001
31536557.200001
31536557.300001
31536557.400001
31536557.500001
31536557.600001
31536557.700001
31536557.800001
31536557.900001
31536558.000001
31536558.100001
31536558.200001
31536558.300001
31536558.400001
31536558.500001
31536558.600001
31536558.700001
31536558.800001
31536558.900001
31536559.000001
31536559.100001
31536559.200001
31536559.300001
31536559.400001
31536559.500001
31536559.600001
31536559.700001
31536559.800001
31536559.900001
31536560.000001
31536560.100001
31536560.200001
31536560.300001
31536560.400001
31536560.500001
31536560.600001
31536560.700001
31536560.800001
31536560.900001
31536561.000001
31536561.100001
31536561.200001
31536561.300001
31536561.400001
31536561.500001
31536561.600001
31536561.700001
31536561.800001
31536561.900001
31536562.000001
31536562.100001
31536562.200001
31536562.300001
31536562.400001
31536562.500001
31536562.600001
31536562.700001
31536562.800001
31536562.900001
31536563.000001
31536563.100001
31536563.200001
31536563.300001
31536563.400001
31536563.500001
31536563.600001
31536563.700001
31536563.800001
31536563.900001
31536564.000001
31536564.100001
31536564.200001
31536564.300001
31536564.400001
31536564.500001
31536564.600001
31536564.700001
31536564.800001
31536564.900001
31536565.000001
31536565.100001
31536565.200001
31536565.300001
31536565.400001
31536565.500001
31536565.600001
31536565.700001
31536565.800001
31536565.900001
31536566.000001
31536566.100001
31536566.200001
31536566.300001
31536566.400001
31536566.500001
31536566.600001
31536566.700001
31536566.800001
31536566.900001
31536567.000001
31536567.100001
31536567.200001
31536567.300001
31536567.400001
31536567.500001
31536567.600001
31536567.700001
31536567.800001
31536567.900001
31536568.000001
31536568.100001
31536568.200001
31536568.300001
31536568.400001
31536568.500001
31536568.600001
31536568.700001
31536568.800001
31536568.900001
31536569.000001
31536569.100001
31536569.200001
31536569.300001
31536569.400001
31536569.500001
31536569.600001
31536569.700001
31536569.800001
31536569.900001
31536570.000001
31536570.100001
31536570.200001
31536570.300001
31536570.400001
31536570.500001
31536570.600001
31536570.700001
31536570.800001
31536570.900001
31536571.000001
31536571.100001
31536571.200001
31536571.300001
31536571.400001
31536571.500001
31536571.600001
31536571.700001
31536571.800001
31536571.900001
31536572.000001
31536572.100001
31536572.200001
31536572.300001
31536572.400001
31536572.500001
31536572.600001
31536572.700001
31536572.800001
31536572.900001
31536573.000001
31536573.100001
31536573.200001
31536573.300001
31536573.400001
31536573.500001
31536573.600001
31536573.700001
31536573.800001
31536573.900001
31536574.000001
31536574.100001
31536574.200001
31536574.300001
31536574.400001
31536574.500001
31536574.600001
31536574.700001
31536574.800001
31536574.900001
31536575.000001
31536575.100001
31536575.200001
31536575.300001
31536575.400001
31536575.500001
31536575.600001
31536575.700001
31536575.800001
31536575.900001
31536576.000001
31536576.100001
31536576.200001
31536576.300001
31536576.400001
31536576.500001
31536576.600001
31536576.700001
31536576.800001
31536576.900001
31536577.000001
31536577.100001
31536577.200001
31536577.300001
31536577.400001
31536577.500001
31536577.600001
31536577.700001
31536577.800001
31536577.900001
31536578.000001
31536578.100001
31536578.200001
31536578.300001
31536578.400001
31536578.500001
31536578.600001
31536578.700001
31536578.800001
31536578.900001
31536579.000001
31536579.100001
31536579.200001
31536579.300001
31536579.400001
31536579.500001
31536579.600001
31536579.700001
31536579.800001
31536579.900001
31536580.000001
31536580.100001
31536580.200001
31536580.300001
31536580.400001
31536580.500001
31536580.600001
31536580.700002
31536580.800002
31536580.900002
31536581.000002
31536581.100002
31536581.200002
31536581.300002
31536581.400002
31536581.500002
31536581.600002
31536581.700002
31536581.800002
31536581.900002
31536582.000002
31536582.100002
31536582.200002
31536582.300002
31536582.400002
31536582.500002
31536582.600002
31536582.700002
31536582.800002
31536582.900002
31536583.000002
31536583.100002
31536583.200002
31536583.300002
31536583.400002
31536583.500002
31536583.600002
31536583.700002
31536583.800002
31536583.900002
31536584.000002
31536584.100002
31536584.200002
31536584.300002
31536584.400002
31536584.500002
31536584.600002
31536584.700002
31536584.800002
31536584.900002
31536585.000002
31536585.100002
31536585.200002
31536585.300002
31536585.400002
31536585.500002
31536585.600002
31536585.700002
31536585.800002
31536585.900002
31536586.000002
31536586.100002
31536586.200002
31536586.300002
31536586.400002
31536586.500002
31536586.600002
31536586.700002
31536586.800002
31536586.900002
31536587.000002
31536587.100002
31536587.200002
31536587.300002
31536587.400002
31536587.500002
31536587.600002
31536587.700002
31536587.800002
31536587.900002
31536588.000002
31536588.100002
31536588.200002
31536588.300002
31536588.400002
31536588.500002
31536588.600002
31536588.700002
31536588.800002
31536588.900002
31536589.000002
31536589.100002
31536589.200002
31536589.300002
31536589.400002
31536589.500002
31536589.600002
31536589.700002
31536589.800002
31536589.900002
31536590.000002
31536590.100002
31536590.200002
31536590.300002
31536590.400002
31536590.500002
31536590.600002
31536590.700002
31536590.800002
31536590.900002
31536591.000002
31536591.100002
31536591.200002
31536591.300002
31536591.400002
31536591.500002
31536591.600002
31536591.700002
31536591.800002
31536591.900002
31536592.000002
31536592.100002
31536592.200002
31536592.300002
31536592.400002
31536592.500002
31536592.600002
31536592.700002
31536592.800002
31536592.900002
31536593.000002
31536593.100002
31536593.200002
31536593.300002
31536593.400002
31536593.500002
31536593.600002
31536593.700002
31536593.800002
31536593.900002
31536594.000002
31536594.100002
31536594.200002
31536594.300002
31536594.400002
31536594.500002
31536594.600002
31536594.700002
31536594.800002
31536594.900002
31536595.000002
31536595.100002
31536595.200002
31536595.300002
31536595.400002
31536595.500002
31536595.600002
31536595.700002
31536595.800002
31536595.900002
31536596.000002
31536596.100002
31536596.200002
31536596.300002
31536596.400002
31536596.500002
31536596.600002
31536596.700002
31536596.800002
31536596.900002
31536597.000002
31536597.100002
31536597.200002
31536597.300002
31536597.400002
31536597.500002
31536597.600002
31536597.700002
31536597.800002
31536597.900002
31536598.000002
31536598.100002
31536598.200002
31536598.300002
31536598.400002
31536598.500002
31536598.600002
31536598.700002
31536598.800002
31536598.900002
31536599.000002
31536599.100002
31536599.200002
31536599.300002
31536599.400002
31536599.500002
31536599.600002
31536599.700002
31536599.800002
31536599.900002
31536600.000000
31536600.999982
31536610.999803
31536710.998017
31537710.980150
31547710.801485
31647709.014836
32647691.148344
42647512.483421
58199512.483421
63072600.000000
