9952.173375
9952.206750
9952.240124
9952.273499
9952.306874
9952.340249
9952.673997
9956.011475
9989.386263
10323.134128
13660.611692
14661.854863
15663.097937
16664.340913
17665.583791
18666.826571
19668.069254
20669.311839
21670.554326
22671.796716
23673.039008
24674.281202
25675.523298
26676.765297
27678.007198
28679.249001
29680.490706
30681.732314
31682.973824
32684.215236
33685.456551
34686.697768
35687.938887
36689.179908
37690.420832
38691.661657
39692.902386
39989.403131
39989.401177
39989.399222
39989.397267
39989.395313
39989.393358
39989.081783
39985.968953
39955.132863
39744.882696
39744.882700
39744.882741
39744.883152
39744.887262
39744.928367
39745.339411
39748.582061
39748.580126
39748.578190
39748.576255
39748.574320
39748.572384
39748.552994
39748.359093
39746.420736
39731.861933
