9960.480516
9968.968660
9977.309128
9985.649595
9993.990063
10002.330531
10019.011466
10052.373336
10119.097077
10252.544558
10519.439517
11053.229425
12120.809201
14255.968593
16389.495305
16623.805181
16763.061680
16813.511315
16842.381533
16852.959163
16850.100270
16838.294082
16822.295399
16800.110153
16778.292413
16754.007054
16728.466819
16702.305842
16675.843650
16649.238459
16622.008792
16595.593556
16568.420362
16542.089524
16515.576245
16488.977512
16461.784894
16435.412667
16408.901032
16382.324931
16355.162602
16328.827327
16302.357327
16275.824802
16248.699205
16222.410116
16195.987490
16169.502546
16142.416181
16116.176252
16089.803681
16063.368874
16036.324003
16010.135765
15983.815795
15930.432726
15904.298836
15878.034173
15851.707551
15825.355081
15798.995760
15772.048019
15745.976854
15719.787777
15693.543120
15667.276038
15641.004216
15614.737153
15588.480004
15562.235625
15536.005648
15509.791057
15483.592492
15457.410410
15431.245173
15405.097094
15378.966464
15352.853561
15326.758663
15300.682047
15274.623994
15248.584791
15222.564728
15196.564104
15170.583220
15144.622389
15118.681926
15092.762157
15066.863413
15040.986032
15015.130363
14989.296759
14963.485584
14937.697210
14911.932017
14886.190394
14860.472740
14834.779464
14809.110982
14783.467724
14757.850127
14732.258642
14706.693729
14681.155859
14655.645517
14630.163197
14604.709410
14579.284675
14553.889529
14528.524519
14503.190209
14477.169918
14452.190498
14427.124477
14402.021244
14348.351188
14324.652954
14300.429562
14275.905739
14223.068689
14199.591964
14153.578730
14128.208964
14074.946329
14023.989713
14001.172985
13950.710100
13927.909540
13882.864149
13830.684365
13780.677131
13737.010256
13691.386344
13639.980096
13595.856295
13545.266561
13501.795782
13452.007318
13409.058123
13360.131206
13317.720923
13269.740592
13227.928221
13180.992834
13139.858123
13094.077665
13053.718134
13009.215146
12966.318573
12924.661630
12884.028891
12844.304628
12805.437224
12767.415862
12730.255708
12693.988667
12658.657682
12624.313191
12557.288758
12527.037176
12468.694043
12442.046598
12391.598450
12348.369119
12313.499896
12282.641852
12255.961551
12225.196340
12212.694195
12210.920921
12215.859088
12237.657828
12266.225469
12297.168958
12331.281153
12416.925829
12526.252438
12800.393829
13395.055748
14127.773969
14861.513811
13702.472639
13699.077305
13722.751728
13535.088069
13329.904251
13154.981170
13024.716267
12924.275571
12808.005210
12668.130420
12520.948732
12396.310227
12311.319750
12250.529969
12195.072533
12141.247677
12095.772952
12050.098906
12011.432985
11985.428930
11969.128580
11976.229675
12022.707509
12098.710019
12184.415042
12234.086904
12947.284701
12867.259365
12647.522733
12641.355787
12648.125643
12653.925312
12660.171118
12663.287331
8500.000000
8499.998811
8499.996433
8499.991676
8499.982163
8499.963137
8499.925086
8499.848982
8499.696775
8499.392361
8498.783533
8497.565877
8495.130565
8490.259941
8480.518693
8461.036197
8422.071204
8344.141220
8188.281250
8023.897688
7859.514127
7695.130565
7530.747003
7366.363442
7201.979880
7037.596318
6873.212757
6708.829195
6544.445634
6544.445698
6544.445826
6544.446083
6544.446596
6544.447620
6544.449666
6544.453745
6544.461866
6544.478000
6544.510031
6544.541921
6544.557840
6544.565795
6544.569770
6544.571758
6544.572749
6544.572880
6544.572939
6544.572973
6544.573464
6544.573448
6544.573437
6544.573441
6544.573435
6544.573426
6544.573409
6544.573383
6544.573348
6544.573305
6544.573277
6544.573246
6544.573228
6544.573212
6544.573207
6544.573213
6544.573228
6544.573271
6544.573320
6544.573429
6544.573544
6544.573781
6544.574022
6544.574511
6544.575002
6544.575990
6544.576983
6544.577975
6544.578968
6544.580954
6544.584887
6544.586872
6544.588857
6544.589850
6544.590179
6544.590296
6544.590535
6544.591021
6544.591512
6544.592498
6544.593489
6544.594480
6544.595471
6544.597456
6544.601383
6544.603366
6544.605349
6544.605677
6544.605795
6544.606035
6544.606522
6544.607012
6544.608000
6544.608988
6544.609978
6544.611961
6544.615882
6544.616877
6544.617433
6544.617676
6544.618166
6544.619153
6544.620140
6544.621130
6544.623112
6544.625093
6544.627074
6544.631037
6544.638958
6544.642922
6544.646882
6544.654753
6544.658711
6544.659063
6544.659178
6544.659416
6544.659900
6544.660881
6544.661865
6544.663838
6544.665817
6544.669774
6544.673731
6544.677688
6544.681646
6544.685606
6544.693518
6544.697476
6544.705388
6544.721210
6544.737027
6544.752836
6544.784430
6544.816006
6544.847565
6544.910614
6544.942110
6545.005040
6545.067931
6545.193470
6545.443397
6545.692237
6545.939542
6546.186273
6546.276977
6555.028864
6554.605472
6554.221355
6553.895647
6553.624332
6553.426813
7076.235030
7683.366237
8236.581055
8679.784140
9053.505956
9372.603259
9597.275435
9731.298262
9813.557472
9864.172287
9892.575540
9906.932446
9912.751023
9914.486807
9915.042383
9915.540974
9916.357593
9917.200722
9917.978057
9918.681016
9919.346477
9919.971177
9920.525573
9921.056943
9921.547575
9922.008067
9922.465172
9922.628105
