0.001000
0.002000
0.003000
0.004000
0.005000
0.006000
0.008000
0.012000
0.020000
0.036000
0.068000
0.132000
0.260000
0.516000
0.772000
0.804000
0.836000
0.852000
0.868000
0.884000
0.900000
0.916000
0.932000
0.948000
0.964000
0.980000
0.996000
1.012000
1.028000
1.044000
1.060000
1.076000
1.092000
1.108000
1.124000
1.140000
1.156000
1.172000
1.188000
1.204000
1.220000
1.236000
1.252000
1.268000
1.284000
1.300000
1.316000
1.332000
1.348000
1.364000
1.380000
1.396000
1.412000
1.428000
1.444000
1.460000
1.476000
1.492000
1.508000
1.524000
1.540000
1.556000
1.572000
1.588000
1.604000
1.620000
1.636000
1.652000
1.668000
1.684000
1.700000
1.716000
1.732000
1.748000
1.764000
1.780000
1.796000
1.812000
1.828000
1.844000
1.860000
1.876000
1.892000
1.908000
1.924000
1.940000
1.956000
1.972000
1.988000
2.004000
2.020000
2.036000
2.052000
2.068000
2.084000
2.100000
2.116000
2.132000
2.148000
2.164000
2.180000
2.196000
2.212000
2.228000
2.244000
2.260000
2.276000
2.292000
2.308000
2.324000
2.340000
2.356000
2.372000
2.388000
2.404000
2.436000
2.452000
2.468000
2.484000
2.516000
2.532000
2.564000
2.580000
2.612000
2.644000
2.660000
2.692000
2.708000
2.740000
2.772000
2.804000
2.836000
2.868000
2.900000
2.932000
2.964000
2.996000
3.028000
3.060000
3.092000
3.124000
3.156000
3.188000
3.220000
3.252000
3.284000
3.316000
3.348000
3.380000
3.412000
3.444000
3.476000
3.508000
3.540000
3.572000
3.604000
3.636000
3.668000
3.732000
3.764000
3.828000
3.860000
3.924000
3.988000
4.052000
4.116000
4.180000
4.308000
4.436000
4.564000
4.692000
4.948000
5.204000
5.460000
5.716000
6.228000
6.740000
7.764000
9.812000
12.312000
14.812000
16.062000
16.062038
16.062076
16.062114
16.062191
16.062343
16.062648
16.063259
16.064480
16.066921
16.071804
16.081569
16.101101
16.140163
16.218288
16.374538
16.687038
17.312038
17.937038
18.562038
19.812038
21.062038
23.562038
26.062038
28.562038
29.984000
30.296500
30.609000
40.609000
60.609000
80.609000
100.609000
120.609000
129.984000
148.734000
186.234000
261.234000
411.234000
711.234000
1311.234000
2511.234000
4911.234000
9711.234000
19311.234000
38511.234000
76911.234000
153711.234000
307311.234000
614511.234000
1228911.234000
2457711.234000
4915311.234000
7507311.234000
10099311.234000
12691311.234000
15283311.234000
17875311.234000
20467311.234000
23059311.234000
25651311.234000
28243311.234000
30835311.234000
31536129.984000
31536129.985000
31536129.987000
31536129.991000
31536129.999000
31536130.015000
31536130.047000
31536130.111000
31536130.239000
31536130.495000
31536131.007000
31536131.519000
31536131.775000
31536131.903000
31536131.967000
31536131.999000
31536132.015000
31536132.017000
31536132.018000
31536132.018500
31536132.018508
31536132.018512
31536132.018513
31536132.018514
31536132.018516
31536132.018520
31536132.018527
31536132.018543
31536132.018574
31536132.018637
31536132.018699
31536132.018824
31536132.018949
31536132.019199
31536132.019449
31536132.019949
31536132.020449
31536132.021449
31536132.022449
31536132.024449
31536132.026449
31536132.030449
31536132.034449
31536132.042449
31536132.050449
31536132.066449
31536132.082449
31536132.098449
31536132.114449
31536132.146449
31536132.210449
31536132.242449
31536132.274449
31536132.290449
31536132.294449
31536132.296449
31536132.300449
31536132.308449
31536132.316449
31536132.332449
31536132.348449
31536132.364449
31536132.380449
31536132.412449
31536132.476449
31536132.508449
31536132.540449
31536132.544449
31536132.546449
31536132.550449
31536132.558449
31536132.566449
31536132.582449
31536132.598449
31536132.614449
31536132.646449
31536132.710449
31536132.726449
31536132.734449
31536132.738449
31536132.746449
31536132.762449
31536132.778449
31536132.794449
31536132.826449
31536132.858449
31536132.890449
31536132.954449
31536133.082449
31536133.146449
31536133.210449
31536133.338449
31536133.402449
31536133.406449
31536133.408449
31536133.412449
31536133.420449
31536133.436449
31536133.452449
31536133.484449
31536133.516449
31536133.580449
31536133.644449
31536133.708449
31536133.772449
31536133.836449
31536133.964449
31536134.028449
31536134.156449
31536134.412449
31536134.668449
31536134.924449
31536135.436449
31536135.948449
31536136.460449
31536137.484449
31536137.996449
31536139.020449
31536140.044449
31536142.092449
31536146.188449
31536150.284449
31536154.380449
31536158.476449
31536159.984000
31536162.484000
31536182.484000
31536202.484000
31536222.484000
31536242.484000
31536259.984000
31536294.984000
31536364.984000
31536504.984000
31536784.984000
31537344.984000
31538464.984000
31540704.984000
31545184.984000
31554144.984000
31572064.984000
31607904.984000
31679584.984000
31822944.984000
32109664.984000
32683104.984000
33829984.984000
36123744.984000
38715744.984000
41307744.984000
43899744.984000
46491744.984000
49083744.984000
51675744.984000
54267744.984000
56859744.984000
59451744.984000
62043744.984000
63072259.984000
