0.001000
0.002000
0.003000
0.004000
0.005000
0.006000
0.008000
0.012000
0.020000
0.036000
0.068000
0.132000
0.260000
0.516000
0.772000
0.804000
0.836000
0.852000
0.868000
0.884000
0.900000
0.916000
0.932000
0.948000
0.964000
0.980000
0.996000
1.012000
1.028000
1.044000
1.060000
1.076000
1.092000
1.108000
1.124000
1.140000
1.156000
1.172000
1.188000
1.204000
1.220000
1.236000
1.252000
1.268000
1.284000
1.300000
1.316000
1.332000
1.348000
1.364000
1.380000
1.396000
1.412000
1.428000
1.444000
1.460000
1.476000
1.492000
1.508000
1.524000
1.540000
1.556000
1.572000
1.588000
1.604000
1.620000
1.636000
1.652000
1.668000
1.684000
1.700000
1.716000
1.732000
1.748000
1.764000
1.780000
1.796000
1.812000
1.828000
1.844000
1.860000
1.876000
1.892000
1.908000
1.924000
1.940000
1.956000
1.972000
1.988000
2.004000
2.020000
2.036000
2.052000
2.068000
2.084000
2.100000
2.116000
2.132000
2.148000
2.164000
2.180000
2.196000
2.212000
2.228000
2.244000
2.260000
2.276000
2.292000
2.308000
2.324000
2.340000
2.356000
2.372000
2.388000
2.404000
2.436000
2.452000
2.468000
2.484000
2.516000
2.532000
2.564000
2.580000
2.612000
2.644000
2.660000
2.692000
2.708000
2.740000
2.772000
2.804000
2.836000
2.868000
2.900000
2.932000
2.964000
2.996000
3.028000
3.060000
3.092000
3.124000
3.156000
3.188000
3.220000
3.252000
3.284000
3.316000
3.348000
3.380000
3.412000
3.444000
3.476000
3.508000
3.540000
3.572000
3.604000
3.636000
3.668000
3.732000
3.764000
3.828000
3.860000
3.924000
3.988000
4.052000
4.116000
4.180000
4.308000
4.436000
4.564000
4.692000
4.948000
5.204000
5.460000
5.716000
6.228000
6.740000
7.764000
9.812000
12.312000
14.812000
16.062000
16.062038
16.062076
16.062114
16.062191
16.062343
16.062648
16.063259
16.064480
16.066921
16.071804
16.081569
16.101101
16.140163
16.218288
16.374538
16.687038
17.312038
17.937038
18.562038
19.812038
21.062038
23.562038
26.062038
28.562038
29.984000
30.296500
30.609000
40.609000
60.609000
80.609000
100.609000
120.609000
129.984000
148.734000
336.234000
2211.234000
20961.234000
208461.234000
2083461.234000
4675461.234000
7267461.234000
9859461.234000
10195329.984000
10195329.985000
10195329.995000
10195330.095000
10195331.095000
10195341.095000
10195351.095000
10195352.345000
10195352.970000
10195353.282500
10195353.282502
10195353.282504
10195353.282510
10195353.282513
10195353.282527
10195353.282535
10195353.282572
10195353.282591
10195353.282684
10195353.282777
10195353.282870
10195353.283801
10195353.284267
10195353.288924
10195353.293580
10195353.340146
10195353.805808
10195354.271469
10195358.928082
10195359.984000
10195379.984000
10195399.984000
10195419.984000
10195439.984000
10195459.984000
10195659.984000
10197659.984000
10217659.984000
10417659.984000
12417659.984000
15009659.984000
17601659.984000
20193659.984000
20390659.984000
