0.001000
0.002000
0.003000
0.004000
0.005000
0.006000
0.016000
0.116000
1.116000
11.116000
111.116000
141.116000
171.116000
201.116000
231.116000
261.116000
291.116000
321.116000
351.116000
381.116000
411.116000
441.116000
471.116000
501.116000
531.116000
561.116000
591.116000
621.116000
651.116000
681.116000
711.116000
741.116000
771.116000
801.116000
831.116000
861.116000
891.116000
900.000000
920.000000
940.000000
960.000000
980.000000
1000.000000
1200.000000
3200.000000
23200.000000
173800.000000
173800.001000
173800.011000
173800.111000
173801.111000
173811.111000
173911.111000
174700.000000
174720.000000
174740.000000
174760.000000
174780.000000
174800.000000
175000.000000
177000.000000
197000.000000
347600.000000
