9960.480516
9968.968660
9977.309128
9985.649595
9993.990063
10002.330531
10019.011466
10052.373336
10119.097077
10252.544558
10519.439517
11053.229425
12120.809201
14255.968593
16389.495305
16623.805181
16763.061680
16813.511315
16842.381533
16852.959163
16850.100270
16838.294082
16822.295399
16800.110153
16778.292413
16754.007054
16728.466819
16702.305842
16675.843650
16649.238459
16622.008792
16595.593556
16568.420362
16542.089524
16515.576245
16488.977512
16461.784894
16435.412667
16408.901032
16382.324931
16355.162602
16328.827327
16302.357327
16275.824802
16248.699205
16222.410116
16195.987490
16169.502546
16142.416181
16116.176252
16089.803681
16063.368874
16036.324003
16010.135765
15983.815795
15930.432726
15904.298836
15878.034173
15851.707551
15825.355081
15798.995760
15772.048019
15745.976854
15719.787777
15693.543120
15667.276038
15641.004216
15614.737153
15588.480004
15562.235625
15536.005648
15509.791057
15483.592492
15457.410410
15431.245173
15405.097094
15378.966464
15352.853561
15326.758663
15300.682047
15274.623994
15248.584791
15222.564728
15196.564104
15170.583220
15144.622389
15118.681926
15092.762157
15066.863413
15040.986032
15015.130363
14989.296759
14963.485584
14937.697210
14911.932017
14886.190394
14860.472740
14834.779464
14809.110982
14783.467724
14757.850127
14732.258642
14706.693729
14681.155859
14655.645517
14630.163197
14604.709410
14579.284675
14553.889529
14528.524519
14503.190209
14477.169918
14452.190498
14427.124477
14402.021244
14348.351188
14324.652954
14300.429562
14275.905739
14223.068689
14199.591964
14153.578730
14128.208964
14074.946329
14023.989713
14001.172985
13950.710100
13927.909540
13882.864149
13830.684365
13780.677131
13737.010256
13691.386344
13639.980096
13595.856295
13545.266561
13501.795782
13452.007318
13409.058123
13360.131206
13317.720923
13269.740592
13227.928221
13180.992834
13139.858123
13094.077665
13053.718134
13009.215146
12966.318573
12924.661630
12884.028891
12844.304628
12805.437224
12767.415862
12730.255708
12693.988667
12658.657682
12624.313191
12557.288758
12527.037176
12468.694043
12442.046598
12391.598450
12348.369119
12313.499896
12282.641852
12255.961551
12225.196340
12212.694195
12210.920921
12215.859088
12237.657828
12266.225469
12297.168958
12331.281153
12416.925829
12526.252438
12800.393829
13395.055748
14127.773969
14861.513811
13702.472639
13699.077305
13722.751728
13535.088069
13329.904251
13154.981170
13024.716267
12924.275571
12808.005210
12668.130420
12520.948732
12396.310227
12311.319750
12250.529969
12195.072533
12141.247677
12095.772952
12050.098906
12011.432985
11985.428930
11969.128580
11976.229675
12022.707509
12098.710019
12184.415042
12234.086904
12947.284701
12867.259365
12647.522733
12641.355787
12648.125643
12653.925312
12660.171118
12663.287331
8872.000000
8871.996885
8871.965730
8871.654187
8868.538750
8837.384383
8525.840715
8382.281393
8238.722071
8095.162749
7951.603427
7808.044105
7664.484783
7520.925461
7377.366139
7233.806817
7233.806818
7233.806821
7233.806854
7233.807176
7233.810293
7233.811069
7233.811456
7233.811553
7233.811577
7233.811578
7233.812354
7233.812296
7233.812163
7233.812116
7233.812012
7233.811976
7233.811897
7233.811870
7233.811812
7233.811792
7233.811749
7233.811734
7233.811703
7233.811692
7233.811676
7233.811667
7233.811656
7233.811650
7233.811644
7233.811644
7233.811655
7233.811713
7233.811712
7233.811715
7233.811720
7233.811771
7233.811815
7233.811881
7233.811878
7233.811876
7233.811878
7233.811903
7233.811962
7233.811961
7233.811965
7233.811972
7233.811994
7233.812020
7233.812121
7233.812188
7233.812264
7233.812260
7233.812259
7233.812260
7233.812268
7233.812277
7233.812308
7233.812338
7233.812421
7233.812502
7233.812554
7233.812607
7233.812672
7233.812738
7233.812820
7233.812902
7233.813108
7233.813313
7233.813519
7233.813723
7233.815763
7233.816267
7239.424473
7239.551343
7239.690016
7239.828912
7239.967521
7240.036679
8219.636267
10238.592821
10293.667368
10007.215067
9962.208650
9959.016835
9958.348584
9958.175996
9958.132950
9958.122466
9958.125666
9958.126567
9958.128043
9958.131365
9958.138744
9958.123469
