1	12.5	-12.5	12.5	0
2	12.5	12.5	12.5	0
3	-12.5	12.5	12.5	0
4	-12.5	-12.5	12.5	0
5	12.5	12.5	-12.5	0
6	12.5	-12.5	-12.5	0
7	-12.5	-12.5	-12.5	0
8	-12.5	12.5	-12.5	0
9	12.5	-12.5	37.5	0
10	12.5	12.5	37.5	0
11	-12.5	12.5	37.5	0
12	-12.5	-12.5	37.5	0
17	12.5	-12.5	62.5	0
18	12.5	12.5	62.5	0
19	-12.5	12.5	62.5	0
20	-12.5	-12.5	62.5	0
25	12.5	-12.5	87.5	0
26	12.5	12.5	87.5	0
27	-12.5	12.5	87.5	0
28	-12.5	-12.5	87.5	0
33	12.5	-12.5	112.5	0
34	12.5	12.5	112.5	0
35	-12.5	12.5	112.5	0
36	-12.5	-12.5	112.5	0
41	12.5	-12.5	137.5	0
42	12.5	12.5	137.5	0
43	-12.5	12.5	137.5	0
44	-12.5	-12.5	137.5	0
49	12.5	-12.5	162.5	0
50	12.5	12.5	162.5	0
51	-12.5	12.5	162.5	0
52	-12.5	-12.5	162.5	0
57	12.5	-12.5	187.5	0
58	12.5	12.5	187.5	0
59	-12.5	12.5	187.5	0
60	-12.5	-12.5	187.5	0
65	12.5	-12.5	212.5	0
66	12.5	12.5	212.5	0
67	-12.5	12.5	212.5	0
68	-12.5	-12.5	212.5	0
73	12.5	-12.5	237.5	0
74	12.5	12.5	237.5	0
75	-12.5	12.5	237.5	0
76	-12.5	-12.5	237.5	0
117	37.5	-12.5	237.5	0
118	37.5	12.5	237.5	0
121	37.5	12.5	-12.5	0
122	37.5	-12.5	-12.5	0
134	37.5	-12.5	212.5	0
135	37.5	-12.5	187.5	0
136	37.5	-12.5	162.5	0
137	37.5	-12.5	137.5	0
138	37.5	-12.5	112.5	0
139	37.5	-12.5	87.5	0
140	37.5	-12.5	62.5	0
141	37.5	-12.5	37.5	0
142	37.5	-12.5	12.5	0
152	37.5	12.5	212.5	0
153	37.5	12.5	187.5	0
154	37.5	12.5	162.5	0
155	37.5	12.5	137.5	0
156	37.5	12.5	112.5	0
157	37.5	12.5	87.5	0
158	37.5	12.5	62.5	0
159	37.5	12.5	37.5	0
160	37.5	12.5	12.5	0
161	62.5	-12.5	237.5	0
162	62.5	12.5	237.5	0
165	62.5	12.5	-12.5	0
166	62.5	-12.5	-12.5	0
178	62.5	-12.5	212.5	0
179	62.5	-12.5	187.5	0
180	62.5	-12.5	162.5	0
181	62.5	-12.5	137.5	0
182	62.5	-12.5	112.5	0
183	62.5	-12.5	87.5	0
184	62.5	-12.5	62.5	0
185	62.5	-12.5	37.5	0
186	62.5	-12.5	12.5	0
196	62.5	12.5	212.5	0
197	62.5	12.5	187.5	0
198	62.5	12.5	162.5	0
199	62.5	12.5	137.5	0
200	62.5	12.5	112.5	0
201	62.5	12.5	87.5	0
202	62.5	12.5	62.5	0
203	62.5	12.5	37.5	0
204	62.5	12.5	12.5	0
205	87.5	-12.5	237.5	0
206	87.5	12.5	237.5	0
209	87.5	12.5	-12.5	0
210	87.5	-12.5	-12.5	0
222	87.5	-12.5	212.5	0
223	87.5	-12.5	187.5	0
224	87.5	-12.5	162.5	0
225	87.5	-12.5	137.5	0
226	87.5	-12.5	112.5	0
227	87.5	-12.5	87.5	0
228	87.5	-12.5	62.5	0
229	87.5	-12.5	37.5	0
230	87.5	-12.5	12.5	0
240	87.5	12.5	212.5	0
241	87.5	12.5	187.5	0
242	87.5	12.5	162.5	0
243	87.5	12.5	137.5	0
244	87.5	12.5	112.5	0
245	87.5	12.5	87.5	0
246	87.5	12.5	62.5	0
247	87.5	12.5	37.5	0
248	87.5	12.5	12.5	0
249	112.5	-12.5	237.5	0
250	112.5	12.5	237.5	0
253	112.5	12.5	-12.5	0
254	112.5	-12.5	-12.5	0
266	112.5	-12.5	212.5	0
267	112.5	-12.5	187.5	0
268	112.5	-12.5	162.5	0
269	112.5	-12.5	137.5	0
270	112.5	-12.5	112.5	0
271	112.5	-12.5	87.5	0
272	112.5	-12.5	62.5	0
273	112.5	-12.5	37.5	0
274	112.5	-12.5	12.5	0
284	112.5	12.5	212.5	0
285	112.5	12.5	187.5	0
286	112.5	12.5	162.5	0
287	112.5	12.5	137.5	0
288	112.5	12.5	112.5	0
289	112.5	12.5	87.5	0
290	112.5	12.5	62.5	0
291	112.5	12.5	37.5	0
292	112.5	12.5	12.5	0
293	137.5	-12.5	237.5	0
294	137.5	12.5	237.5	0
297	137.5	12.5	-12.5	0
298	137.5	-12.5	-12.5	0
310	137.5	-12.5	212.5	0
311	137.5	-12.5	187.5	0
312	137.5	-12.5	162.5	0
313	137.5	-12.5	137.5	0
314	137.5	-12.5	112.5	0
315	137.5	-12.5	87.5	0
316	137.5	-12.5	62.5	0
317	137.5	-12.5	37.5	0
318	137.5	-12.5	12.5	0
328	137.5	12.5	212.5	0
329	137.5	12.5	187.5	0
330	137.5	12.5	162.5	0
331	137.5	12.5	137.5	0
332	137.5	12.5	112.5	0
333	137.5	12.5	87.5	0
334	137.5	12.5	62.5	0
335	137.5	12.5	37.5	0
336	137.5	12.5	12.5	0
337	162.5	-12.5	237.5	0
338	162.5	12.5	237.5	0
341	162.5	12.5	-12.5	0
342	162.5	-12.5	-12.5	0
354	162.5	-12.5	212.5	0
355	162.5	-12.5	187.5	0
356	162.5	-12.5	162.5	0
357	162.5	-12.5	137.5	0
358	162.5	-12.5	112.5	0
359	162.5	-12.5	87.5	0
360	162.5	-12.5	62.5	0
361	162.5	-12.5	37.5	0
362	162.5	-12.5	12.5	0
372	162.5	12.5	212.5	0
373	162.5	12.5	187.5	0
374	162.5	12.5	162.5	0
375	162.5	12.5	137.5	0
376	162.5	12.5	112.5	0
377	162.5	12.5	87.5	0
378	162.5	12.5	62.5	0
379	162.5	12.5	37.5	0
380	162.5	12.5	12.5	0
381	187.5	-12.5	237.5	0
382	187.5	12.5	237.5	0
385	187.5	12.5	-12.5	0
386	187.5	-12.5	-12.5	0
398	187.5	-12.5	212.5	0
399	187.5	-12.5	187.5	0
400	187.5	-12.5	162.5	0
401	187.5	-12.5	137.5	0
402	187.5	-12.5	112.5	0
403	187.5	-12.5	87.5	0
404	187.5	-12.5	62.5	0
405	187.5	-12.5	37.5	0
406	187.5	-12.5	12.5	0
416	187.5	12.5	212.5	0
417	187.5	12.5	187.5	0
418	187.5	12.5	162.5	0
419	187.5	12.5	137.5	0
420	187.5	12.5	112.5	0
421	187.5	12.5	87.5	0
422	187.5	12.5	62.5	0
423	187.5	12.5	37.5	0
424	187.5	12.5	12.5	0
583	187.5	37.5	-12.5	0
584	187.5	37.5	237.5	0
585	-12.5	37.5	237.5	0
586	-12.5	37.5	-12.5	0
619	187.5	37.5	212.5	0
620	187.5	37.5	187.5	0
621	187.5	37.5	162.5	0
622	187.5	37.5	137.5	0
623	187.5	37.5	112.5	0
624	187.5	37.5	87.5	0
625	187.5	37.5	62.5	0
626	187.5	37.5	37.5	0
627	187.5	37.5	12.5	0
628	162.5	37.5	237.5	0
629	137.5	37.5	237.5	0
630	112.5	37.5	237.5	0
631	87.5	37.5	237.5	0
632	62.5	37.5	237.5	0
633	37.5	37.5	237.5	0
634	12.5	37.5	237.5	0
635	12.5	37.5	-12.5	0
636	37.5	37.5	-12.5	0
637	62.5	37.5	-12.5	0
638	87.5	37.5	-12.5	0
639	112.5	37.5	-12.5	0
640	137.5	37.5	-12.5	0
641	162.5	37.5	-12.5	0
642	-12.5	37.5	212.5	0
643	-12.5	37.5	187.5	0
644	-12.5	37.5	162.5	0
645	-12.5	37.5	137.5	0
646	-12.5	37.5	112.5	0
647	-12.5	37.5	87.5	0
648	-12.5	37.5	62.5	0
649	-12.5	37.5	37.5	0
650	-12.5	37.5	12.5	0
714	12.5	37.5	12.5	0
715	12.5	37.5	212.5	0
716	12.5	37.5	37.5	0
717	12.5	37.5	62.5	0
718	12.5	37.5	87.5	0
719	12.5	37.5	112.5	0
720	12.5	37.5	137.5	0
721	12.5	37.5	187.5	0
722	12.5	37.5	162.5	0
723	37.5	37.5	12.5	0
724	37.5	37.5	212.5	0
725	37.5	37.5	37.5	0
726	37.5	37.5	62.5	0
727	37.5	37.5	87.5	0
728	37.5	37.5	112.5	0
729	37.5	37.5	137.5	0
730	37.5	37.5	187.5	0
731	37.5	37.5	162.5	0
732	162.5	37.5	12.5	0
733	162.5	37.5	212.5	0
734	162.5	37.5	37.5	0
735	162.5	37.5	62.5	0
736	162.5	37.5	87.5	0
737	162.5	37.5	112.5	0
738	162.5	37.5	137.5	0
739	162.5	37.5	187.5	0
740	162.5	37.5	162.5	0
741	62.5	37.5	12.5	0
742	62.5	37.5	212.5	0
743	62.5	37.5	37.5	0
744	62.5	37.5	62.5	0
745	62.5	37.5	87.5	0
746	62.5	37.5	112.5	0
747	62.5	37.5	137.5	0
748	62.5	37.5	187.5	0
749	62.5	37.5	162.5	0
750	87.5	37.5	12.5	0
751	87.5	37.5	212.5	0
752	87.5	37.5	37.5	0
753	87.5	37.5	62.5	0
754	87.5	37.5	87.5	0
755	87.5	37.5	112.5	0
756	87.5	37.5	137.5	0
757	87.5	37.5	187.5	0
758	87.5	37.5	162.5	0
759	112.5	37.5	12.5	0
760	112.5	37.5	212.5	0
761	112.5	37.5	37.5	0
762	112.5	37.5	62.5	0
763	112.5	37.5	87.5	0
764	112.5	37.5	112.5	0
765	112.5	37.5	137.5	0
766	112.5	37.5	187.5	0
767	112.5	37.5	162.5	0
768	137.5	37.5	12.5	0
769	137.5	37.5	212.5	0
770	137.5	37.5	37.5	0
771	137.5	37.5	62.5	0
772	137.5	37.5	87.5	0
773	137.5	37.5	112.5	0
774	137.5	37.5	137.5	0
775	137.5	37.5	187.5	0
776	137.5	37.5	162.5	0
781	187.5	62.5	-12.5	0
782	187.5	62.5	237.5	0
783	-12.5	62.5	237.5	0
784	-12.5	62.5	-12.5	0
817	187.5	62.5	212.5	0
818	187.5	62.5	187.5	0
819	187.5	62.5	162.5	0
820	187.5	62.5	137.5	0
821	187.5	62.5	112.5	0
822	187.5	62.5	87.5	0
823	187.5	62.5	62.5	0
824	187.5	62.5	37.5	0
825	187.5	62.5	12.5	0
826	162.5	62.5	237.5	0
827	137.5	62.5	237.5	0
828	112.5	62.5	237.5	0
829	87.5	62.5	237.5	0
830	62.5	62.5	237.5	0
831	37.5	62.5	237.5	0
832	12.5	62.5	237.5	0
833	12.5	62.5	-12.5	0
834	37.5	62.5	-12.5	0
835	62.5	62.5	-12.5	0
836	87.5	62.5	-12.5	0
837	112.5	62.5	-12.5	0
838	137.5	62.5	-12.5	0
839	162.5	62.5	-12.5	0
840	-12.5	62.5	212.5	0
841	-12.5	62.5	187.5	0
842	-12.5	62.5	162.5	0
843	-12.5	62.5	137.5	0
844	-12.5	62.5	112.5	0
845	-12.5	62.5	87.5	0
846	-12.5	62.5	62.5	0
847	-12.5	62.5	37.5	0
848	-12.5	62.5	12.5	0
912	12.5	62.5	12.5	0
913	12.5	62.5	212.5	0
914	12.5	62.5	37.5	0
915	12.5	62.5	62.5	0
916	12.5	62.5	87.5	0
917	12.5	62.5	112.5	0
918	12.5	62.5	137.5	0
919	12.5	62.5	187.5	0
920	12.5	62.5	162.5	0
921	37.5	62.5	12.5	0
922	37.5	62.5	212.5	0
923	37.5	62.5	37.5	0
924	37.5	62.5	62.5	0
925	37.5	62.5	87.5	0
926	37.5	62.5	112.5	0
927	37.5	62.5	137.5	0
928	37.5	62.5	187.5	0
929	37.5	62.5	162.5	0
930	162.5	62.5	12.5	0
931	162.5	62.5	212.5	0
932	162.5	62.5	37.5	0
933	162.5	62.5	62.5	0
934	162.5	62.5	87.5	0
935	162.5	62.5	112.5	0
936	162.5	62.5	137.5	0
937	162.5	62.5	187.5	0
938	162.5	62.5	162.5	0
939	62.5	62.5	12.5	0
940	62.5	62.5	212.5	0
941	62.5	62.5	37.5	0
942	62.5	62.5	62.5	0
943	62.5	62.5	87.5	0
944	62.5	62.5	112.5	0
945	62.5	62.5	137.5	0
946	62.5	62.5	187.5	0
947	62.5	62.5	162.5	0
948	87.5	62.5	12.5	0
949	87.5	62.5	212.5	0
950	87.5	62.5	37.5	0
951	87.5	62.5	62.5	0
952	87.5	62.5	87.5	0
953	87.5	62.5	112.5	0
954	87.5	62.5	137.5	0
955	87.5	62.5	187.5	0
956	87.5	62.5	162.5	0
957	112.5	62.5	12.5	0
958	112.5	62.5	212.5	0
959	112.5	62.5	37.5	0
960	112.5	62.5	62.5	0
961	112.5	62.5	87.5	0
962	112.5	62.5	112.5	0
963	112.5	62.5	137.5	0
964	112.5	62.5	187.5	0
965	112.5	62.5	162.5	0
966	137.5	62.5	12.5	0
967	137.5	62.5	212.5	0
968	137.5	62.5	37.5	0
969	137.5	62.5	62.5	0
970	137.5	62.5	87.5	0
971	137.5	62.5	112.5	0
972	137.5	62.5	137.5	0
973	137.5	62.5	187.5	0
974	137.5	62.5	162.5	0
979	187.5	87.5	-12.5	0
980	187.5	87.5	237.5	0
981	-12.5	87.5	237.5	0
982	-12.5	87.5	-12.5	0
1015	187.5	87.5	212.5	0
1016	187.5	87.5	187.5	0
1017	187.5	87.5	162.5	0
1018	187.5	87.5	137.5	0
1019	187.5	87.5	112.5	0
1020	187.5	87.5	87.5	0
1021	187.5	87.5	62.5	0
1022	187.5	87.5	37.5	0
1023	187.5	87.5	12.5	0
1024	162.5	87.5	237.5	0
1025	137.5	87.5	237.5	0
1026	112.5	87.5	237.5	0
1027	87.5	87.5	237.5	0
1028	62.5	87.5	237.5	0
1029	37.5	87.5	237.5	0
1030	12.5	87.5	237.5	0
1031	12.5	87.5	-12.5	0
1032	37.5	87.5	-12.5	0
1033	62.5	87.5	-12.5	0
1034	87.5	87.5	-12.5	0
1035	112.5	87.5	-12.5	0
1036	137.5	87.5	-12.5	0
1037	162.5	87.5	-12.5	0
1038	-12.5	87.5	212.5	0
1039	-12.5	87.5	187.5	0
1040	-12.5	87.5	162.5	0
1041	-12.5	87.5	137.5	0
1042	-12.5	87.5	112.5	0
1043	-12.5	87.5	87.5	0
1044	-12.5	87.5	62.5	0
1045	-12.5	87.5	37.5	0
1046	-12.5	87.5	12.5	0
1110	12.5	87.5	12.5	0
1111	12.5	87.5	212.5	0
1112	12.5	87.5	37.5	0
1113	12.5	87.5	62.5	0
1114	12.5	87.5	87.5	0
1115	12.5	87.5	112.5	0
1116	12.5	87.5	137.5	0
1117	12.5	87.5	187.5	0
1118	12.5	87.5	162.5	0
1119	37.5	87.5	12.5	0
1120	37.5	87.5	212.5	0
1121	37.5	87.5	37.5	0
1122	37.5	87.5	62.5	0
1123	37.5	87.5	87.5	0
1124	37.5	87.5	112.5	0
1125	37.5	87.5	137.5	0
1126	37.5	87.5	187.5	0
1127	37.5	87.5	162.5	0
1128	162.5	87.5	12.5	0
1129	162.5	87.5	212.5	0
1130	162.5	87.5	37.5	0
1131	162.5	87.5	62.5	0
1132	162.5	87.5	87.5	0
1133	162.5	87.5	112.5	0
1134	162.5	87.5	137.5	0
1135	162.5	87.5	187.5	0
1136	162.5	87.5	162.5	0
1137	62.5	87.5	12.5	0
1138	62.5	87.5	212.5	0
1139	62.5	87.5	37.5	0
1140	62.5	87.5	62.5	0
1141	62.5	87.5	87.5	0
1142	62.5	87.5	112.5	0
1143	62.5	87.5	137.5	0
1144	62.5	87.5	187.5	0
1145	62.5	87.5	162.5	0
1146	87.5	87.5	12.5	0
1147	87.5	87.5	212.5	0
1148	87.5	87.5	37.5	0
1149	87.5	87.5	62.5	0
1150	87.5	87.5	87.5	0
1151	87.5	87.5	112.5	0
1152	87.5	87.5	137.5	0
1153	87.5	87.5	187.5	0
1154	87.5	87.5	162.5	0
1155	112.5	87.5	12.5	0
1156	112.5	87.5	212.5	0
1157	112.5	87.5	37.5	0
1158	112.5	87.5	62.5	0
1159	112.5	87.5	87.5	0
1160	112.5	87.5	112.5	0
1161	112.5	87.5	137.5	0
1162	112.5	87.5	187.5	0
1163	112.5	87.5	162.5	0
1164	137.5	87.5	12.5	0
1165	137.5	87.5	212.5	0
1166	137.5	87.5	37.5	0
1167	137.5	87.5	62.5	0
1168	137.5	87.5	87.5	0
1169	137.5	87.5	112.5	0
1170	137.5	87.5	137.5	0
1171	137.5	87.5	187.5	0
1172	137.5	87.5	162.5	0
1177	187.5	112.5	-12.5	0
1178	187.5	112.5	237.5	0
1179	-12.5	112.5	237.5	0
1180	-12.5	112.5	-12.5	0
1213	187.5	112.5	212.5	0
1214	187.5	112.5	187.5	0
1215	187.5	112.5	162.5	0
1216	187.5	112.5	137.5	0
1217	187.5	112.5	112.5	0
1218	187.5	112.5	87.5	0
1219	187.5	112.5	62.5	0
1220	187.5	112.5	37.5	0
1221	187.5	112.5	12.5	0
1222	162.5	112.5	237.5	0
1223	137.5	112.5	237.5	0
1224	112.5	112.5	237.5	0
1225	87.5	112.5	237.5	0
1226	62.5	112.5	237.5	0
1227	37.5	112.5	237.5	0
1228	12.5	112.5	237.5	0
1229	12.5	112.5	-12.5	0
1230	37.5	112.5	-12.5	0
1231	62.5	112.5	-12.5	0
1232	87.5	112.5	-12.5	0
1233	112.5	112.5	-12.5	0
1234	137.5	112.5	-12.5	0
1235	162.5	112.5	-12.5	0
1236	-12.5	112.5	212.5	0
1237	-12.5	112.5	187.5	0
1238	-12.5	112.5	162.5	0
1239	-12.5	112.5	137.5	0
1240	-12.5	112.5	112.5	0
1241	-12.5	112.5	87.5	0
1242	-12.5	112.5	62.5	0
1243	-12.5	112.5	37.5	0
1244	-12.5	112.5	12.5	0
1308	12.5	112.5	12.5	0
1309	12.5	112.5	212.5	0
1310	12.5	112.5	37.5	0
1311	12.5	112.5	62.5	0
1312	12.5	112.5	87.5	0
1313	12.5	112.5	112.5	0
1314	12.5	112.5	137.5	0
1315	12.5	112.5	187.5	0
1316	12.5	112.5	162.5	0
1317	37.5	112.5	12.5	0
1318	37.5	112.5	212.5	0
1319	37.5	112.5	37.5	0
1320	37.5	112.5	62.5	0
1321	37.5	112.5	87.5	0
1322	37.5	112.5	112.5	0
1323	37.5	112.5	137.5	0
1324	37.5	112.5	187.5	0
1325	37.5	112.5	162.5	0
1326	162.5	112.5	12.5	0
1327	162.5	112.5	212.5	0
1328	162.5	112.5	37.5	0
1329	162.5	112.5	62.5	0
1330	162.5	112.5	87.5	0
1331	162.5	112.5	112.5	0
1332	162.5	112.5	137.5	0
1333	162.5	112.5	187.5	0
1334	162.5	112.5	162.5	0
1335	62.5	112.5	12.5	0
1336	62.5	112.5	212.5	0
1337	62.5	112.5	37.5	0
1338	62.5	112.5	62.5	0
1339	62.5	112.5	87.5	0
1340	62.5	112.5	112.5	0
1341	62.5	112.5	137.5	0
1342	62.5	112.5	187.5	0
1343	62.5	112.5	162.5	0
1344	87.5	112.5	12.5	0
1345	87.5	112.5	212.5	0
1346	87.5	112.5	37.5	0
1347	87.5	112.5	62.5	0
1348	87.5	112.5	87.5	0
1349	87.5	112.5	112.5	0
1350	87.5	112.5	137.5	0
1351	87.5	112.5	187.5	0
1352	87.5	112.5	162.5	0
1353	112.5	112.5	12.5	0
1354	112.5	112.5	212.5	0
1355	112.5	112.5	37.5	0
1356	112.5	112.5	62.5	0
1357	112.5	112.5	87.5	0
1358	112.5	112.5	112.5	0
1359	112.5	112.5	137.5	0
1360	112.5	112.5	187.5	0
1361	112.5	112.5	162.5	0
1362	137.5	112.5	12.5	0
1363	137.5	112.5	212.5	0
1364	137.5	112.5	37.5	0
1365	137.5	112.5	62.5	0
1366	137.5	112.5	87.5	0
1367	137.5	112.5	112.5	0
1368	137.5	112.5	137.5	0
1369	137.5	112.5	187.5	0
1370	137.5	112.5	162.5	0
1375	187.5	137.5	-12.5	0
1376	187.5	137.5	237.5	0
1377	-12.5	137.5	237.5	0
1378	-12.5	137.5	-12.5	0
1411	187.5	137.5	212.5	0
1412	187.5	137.5	187.5	0
1413	187.5	137.5	162.5	0
1414	187.5	137.5	137.5	0
1415	187.5	137.5	112.5	0
1416	187.5	137.5	87.5	0
1417	187.5	137.5	62.5	0
1418	187.5	137.5	37.5	0
1419	187.5	137.5	12.5	0
1420	162.5	137.5	237.5	0
1421	137.5	137.5	237.5	0
1422	112.5	137.5	237.5	0
1423	87.5	137.5	237.5	0
1424	62.5	137.5	237.5	0
1425	37.5	137.5	237.5	0
1426	12.5	137.5	237.5	0
1427	12.5	137.5	-12.5	0
1428	37.5	137.5	-12.5	0
1429	62.5	137.5	-12.5	0
1430	87.5	137.5	-12.5	0
1431	112.5	137.5	-12.5	0
1432	137.5	137.5	-12.5	0
1433	162.5	137.5	-12.5	0
1434	-12.5	137.5	212.5	0
1435	-12.5	137.5	187.5	0
1436	-12.5	137.5	162.5	0
1437	-12.5	137.5	137.5	0
1438	-12.5	137.5	112.5	0
1439	-12.5	137.5	87.5	0
1440	-12.5	137.5	62.5	0
1441	-12.5	137.5	37.5	0
1442	-12.5	137.5	12.5	0
1506	12.5	137.5	12.5	0
1507	12.5	137.5	212.5	0
1508	12.5	137.5	37.5	0
1509	12.5	137.5	62.5	0
1510	12.5	137.5	87.5	0
1511	12.5	137.5	112.5	0
1512	12.5	137.5	137.5	0
1513	12.5	137.5	187.5	0
1514	12.5	137.5	162.5	0
1515	37.5	137.5	12.5	0
1516	37.5	137.5	212.5	0
1517	37.5	137.5	37.5	0
1518	37.5	137.5	62.5	0
1519	37.5	137.5	87.5	0
1520	37.5	137.5	112.5	0
1521	37.5	137.5	137.5	0
1522	37.5	137.5	187.5	0
1523	37.5	137.5	162.5	0
1524	162.5	137.5	12.5	0
1525	162.5	137.5	212.5	0
1526	162.5	137.5	37.5	0
1527	162.5	137.5	62.5	0
1528	162.5	137.5	87.5	0
1529	162.5	137.5	112.5	0
1530	162.5	137.5	137.5	0
1531	162.5	137.5	187.5	0
1532	162.5	137.5	162.5	0
1533	62.5	137.5	12.5	0
1534	62.5	137.5	212.5	0
1535	62.5	137.5	37.5	0
1536	62.5	137.5	62.5	0
1537	62.5	137.5	87.5	0
1538	62.5	137.5	112.5	0
1539	62.5	137.5	137.5	0
1540	62.5	137.5	187.5	0
1541	62.5	137.5	162.5	0
1542	87.5	137.5	12.5	0
1543	87.5	137.5	212.5	0
1544	87.5	137.5	37.5	0
1545	87.5	137.5	62.5	0
1546	87.5	137.5	87.5	0
1547	87.5	137.5	112.5	0
1548	87.5	137.5	137.5	0
1549	87.5	137.5	187.5	0
1550	87.5	137.5	162.5	0
1551	112.5	137.5	12.5	0
1552	112.5	137.5	212.5	0
1553	112.5	137.5	37.5	0
1554	112.5	137.5	62.5	0
1555	112.5	137.5	87.5	0
1556	112.5	137.5	112.5	0
1557	112.5	137.5	137.5	0
1558	112.5	137.5	187.5	0
1559	112.5	137.5	162.5	0
1560	137.5	137.5	12.5	0
1561	137.5	137.5	212.5	0
1562	137.5	137.5	37.5	0
1563	137.5	137.5	62.5	0
1564	137.5	137.5	87.5	0
1565	137.5	137.5	112.5	0
1566	137.5	137.5	137.5	0
1567	137.5	137.5	187.5	0
1568	137.5	137.5	162.5	0
1573	187.5	162.5	-12.5	0
1574	187.5	162.5	237.5	0
1575	-12.5	162.5	237.5	0
1576	-12.5	162.5	-12.5	0
1609	187.5	162.5	212.5	0
1610	187.5	162.5	187.5	0
1611	187.5	162.5	162.5	0
1612	187.5	162.5	137.5	0
1613	187.5	162.5	112.5	0
1614	187.5	162.5	87.5	0
1615	187.5	162.5	62.5	0
1616	187.5	162.5	37.5	0
1617	187.5	162.5	12.5	0
1618	162.5	162.5	237.5	0
1619	137.5	162.5	237.5	0
1620	112.5	162.5	237.5	0
1621	87.5	162.5	237.5	0
1622	62.5	162.5	237.5	0
1623	37.5	162.5	237.5	0
1624	12.5	162.5	237.5	0
1625	12.5	162.5	-12.5	0
1626	37.5	162.5	-12.5	0
1627	62.5	162.5	-12.5	0
1628	87.5	162.5	-12.5	0
1629	112.5	162.5	-12.5	0
1630	137.5	162.5	-12.5	0
1631	162.5	162.5	-12.5	0
1632	-12.5	162.5	212.5	0
1633	-12.5	162.5	187.5	0
1634	-12.5	162.5	162.5	0
1635	-12.5	162.5	137.5	0
1636	-12.5	162.5	112.5	0
1637	-12.5	162.5	87.5	0
1638	-12.5	162.5	62.5	0
1639	-12.5	162.5	37.5	0
1640	-12.5	162.5	12.5	0
1704	12.5	162.5	12.5	0
1705	12.5	162.5	212.5	0
1706	12.5	162.5	37.5	0
1707	12.5	162.5	62.5	0
1708	12.5	162.5	87.5	0
1709	12.5	162.5	112.5	0
1710	12.5	162.5	137.5	0
1711	12.5	162.5	187.5	0
1712	12.5	162.5	162.5	0
1713	37.5	162.5	12.5	0
1714	37.5	162.5	212.5	0
1715	37.5	162.5	37.5	0
1716	37.5	162.5	62.5	0
1717	37.5	162.5	87.5	0
1718	37.5	162.5	112.5	0
1719	37.5	162.5	137.5	0
1720	37.5	162.5	187.5	0
1721	37.5	162.5	162.5	0
1722	162.5	162.5	12.5	0
1723	162.5	162.5	212.5	0
1724	162.5	162.5	37.5	0
1725	162.5	162.5	62.5	0
1726	162.5	162.5	87.5	0
1727	162.5	162.5	112.5	0
1728	162.5	162.5	137.5	0
1729	162.5	162.5	187.5	0
1730	162.5	162.5	162.5	0
1731	62.5	162.5	12.5	0
1732	62.5	162.5	212.5	0
1733	62.5	162.5	37.5	0
1734	62.5	162.5	62.5	0
1735	62.5	162.5	87.5	0
1736	62.5	162.5	112.5	0
1737	62.5	162.5	137.5	0
1738	62.5	162.5	187.5	0
1739	62.5	162.5	162.5	0
1740	87.5	162.5	12.5	0
1741	87.5	162.5	212.5	0
1742	87.5	162.5	37.5	0
1743	87.5	162.5	62.5	0
1744	87.5	162.5	87.5	0
1745	87.5	162.5	112.5	0
1746	87.5	162.5	137.5	0
1747	87.5	162.5	187.5	0
1748	87.5	162.5	162.5	0
1749	112.5	162.5	12.5	0
1750	112.5	162.5	212.5	0
1751	112.5	162.5	37.5	0
1752	112.5	162.5	62.5	0
1753	112.5	162.5	87.5	0
1754	112.5	162.5	112.5	0
1755	112.5	162.5	137.5	0
1756	112.5	162.5	187.5	0
1757	112.5	162.5	162.5	0
1758	137.5	162.5	12.5	0
1759	137.5	162.5	212.5	0
1760	137.5	162.5	37.5	0
1761	137.5	162.5	62.5	0
1762	137.5	162.5	87.5	0
1763	137.5	162.5	112.5	0
1764	137.5	162.5	137.5	0
1765	137.5	162.5	187.5	0
1766	137.5	162.5	162.5	0
1771	187.5	187.5	-12.5	0
1772	187.5	187.5	237.5	0
1773	-12.5	187.5	237.5	0
1774	-12.5	187.5	-12.5	0
1807	187.5	187.5	212.5	0
1808	187.5	187.5	187.5	0
1809	187.5	187.5	162.5	0
1810	187.5	187.5	137.5	0
1811	187.5	187.5	112.5	0
1812	187.5	187.5	87.5	0
1813	187.5	187.5	62.5	0
1814	187.5	187.5	37.5	0
1815	187.5	187.5	12.5	0
1816	162.5	187.5	237.5	0
1817	137.5	187.5	237.5	0
1818	112.5	187.5	237.5	0
1819	87.5	187.5	237.5	0
1820	62.5	187.5	237.5	0
1821	37.5	187.5	237.5	0
1822	12.5	187.5	237.5	0
1823	12.5	187.5	-12.5	0
1824	37.5	187.5	-12.5	0
1825	62.5	187.5	-12.5	0
1826	87.5	187.5	-12.5	0
1827	112.5	187.5	-12.5	0
1828	137.5	187.5	-12.5	0
1829	162.5	187.5	-12.5	0
1830	-12.5	187.5	212.5	0
1831	-12.5	187.5	187.5	0
1832	-12.5	187.5	162.5	0
1833	-12.5	187.5	137.5	0
1834	-12.5	187.5	112.5	0
1835	-12.5	187.5	87.5	0
1836	-12.5	187.5	62.5	0
1837	-12.5	187.5	37.5	0
1838	-12.5	187.5	12.5	0
1902	12.5	187.5	12.5	0
1903	12.5	187.5	212.5	0
1904	12.5	187.5	37.5	0
1905	12.5	187.5	62.5	0
1906	12.5	187.5	87.5	0
1907	12.5	187.5	112.5	0
1908	12.5	187.5	137.5	0
1909	12.5	187.5	187.5	0
1910	12.5	187.5	162.5	0
1911	37.5	187.5	12.5	0
1912	37.5	187.5	212.5	0
1913	37.5	187.5	37.5	0
1914	37.5	187.5	62.5	0
1915	37.5	187.5	87.5	0
1916	37.5	187.5	112.5	0
1917	37.5	187.5	137.5	0
1918	37.5	187.5	187.5	0
1919	37.5	187.5	162.5	0
1920	162.5	187.5	12.5	0
1921	162.5	187.5	212.5	0
1922	162.5	187.5	37.5	0
1923	162.5	187.5	62.5	0
1924	162.5	187.5	87.5	0
1925	162.5	187.5	112.5	0
1926	162.5	187.5	137.5	0
1927	162.5	187.5	187.5	0
1928	162.5	187.5	162.5	0
1929	62.5	187.5	12.5	0
1930	62.5	187.5	212.5	0
1931	62.5	187.5	37.5	0
1932	62.5	187.5	62.5	0
1933	62.5	187.5	87.5	0
1934	62.5	187.5	112.5	0
1935	62.5	187.5	137.5	0
1936	62.5	187.5	187.5	0
1937	62.5	187.5	162.5	0
1938	87.5	187.5	12.5	0
1939	87.5	187.5	212.5	0
1940	87.5	187.5	37.5	0
1941	87.5	187.5	62.5	0
1942	87.5	187.5	87.5	0
1943	87.5	187.5	112.5	0
1944	87.5	187.5	137.5	0
1945	87.5	187.5	187.5	0
1946	87.5	187.5	162.5	0
1947	112.5	187.5	12.5	0
1948	112.5	187.5	212.5	0
1949	112.5	187.5	37.5	0
1950	112.5	187.5	62.5	0
1951	112.5	187.5	87.5	0
1952	112.5	187.5	112.5	0
1953	112.5	187.5	137.5	0
1954	112.5	187.5	187.5	0
1955	112.5	187.5	162.5	0
1956	137.5	187.5	12.5	0
1957	137.5	187.5	212.5	0
1958	137.5	187.5	37.5	0
1959	137.5	187.5	62.5	0
1960	137.5	187.5	87.5	0
1961	137.5	187.5	112.5	0
1962	137.5	187.5	137.5	0
1963	137.5	187.5	187.5	0
1964	137.5	187.5	162.5	0
1969	187.5	212.5	-12.5	0
1970	187.5	212.5	237.5	0
1971	-12.5	212.5	237.5	0
1972	-12.5	212.5	-12.5	0
2005	187.5	212.5	212.5	0
2006	187.5	212.5	187.5	0
2007	187.5	212.5	162.5	0
2008	187.5	212.5	137.5	0
2009	187.5	212.5	112.5	0
2010	187.5	212.5	87.5	0
2011	187.5	212.5	62.5	0
2012	187.5	212.5	37.5	0
2013	187.5	212.5	12.5	0
2014	162.5	212.5	237.5	0
2015	137.5	212.5	237.5	0
2016	112.5	212.5	237.5	0
2017	87.5	212.5	237.5	0
2018	62.5	212.5	237.5	0
2019	37.5	212.5	237.5	0
2020	12.5	212.5	237.5	0
2021	12.5	212.5	-12.5	0
2022	37.5	212.5	-12.5	0
2023	62.5	212.5	-12.5	0
2024	87.5	212.5	-12.5	0
2025	112.5	212.5	-12.5	0
2026	137.5	212.5	-12.5	0
2027	162.5	212.5	-12.5	0
2028	-12.5	212.5	212.5	0
2029	-12.5	212.5	187.5	0
2030	-12.5	212.5	162.5	0
2031	-12.5	212.5	137.5	0
2032	-12.5	212.5	112.5	0
2033	-12.5	212.5	87.5	0
2034	-12.5	212.5	62.5	0
2035	-12.5	212.5	37.5	0
2036	-12.5	212.5	12.5	0
2100	12.5	212.5	12.5	0
2101	12.5	212.5	212.5	0
2102	12.5	212.5	37.5	0
2103	12.5	212.5	62.5	0
2104	12.5	212.5	87.5	0
2105	12.5	212.5	112.5	0
2106	12.5	212.5	137.5	0
2107	12.5	212.5	187.5	0
2108	12.5	212.5	162.5	0
2109	37.5	212.5	12.5	0
2110	37.5	212.5	212.5	0
2111	37.5	212.5	37.5	0
2112	37.5	212.5	62.5	0
2113	37.5	212.5	87.5	0
2114	37.5	212.5	112.5	0
2115	37.5	212.5	137.5	0
2116	37.5	212.5	187.5	0
2117	37.5	212.5	162.5	0
2118	162.5	212.5	12.5	0
2119	162.5	212.5	212.5	0
2120	162.5	212.5	37.5	0
2121	162.5	212.5	62.5	0
2122	162.5	212.5	87.5	0
2123	162.5	212.5	112.5	0
2124	162.5	212.5	137.5	0
2125	162.5	212.5	187.5	0
2126	162.5	212.5	162.5	0
2127	62.5	212.5	12.5	0
2128	62.5	212.5	212.5	0
2129	62.5	212.5	37.5	0
2130	62.5	212.5	62.5	0
2131	62.5	212.5	87.5	0
2132	62.5	212.5	112.5	0
2133	62.5	212.5	137.5	0
2134	62.5	212.5	187.5	0
2135	62.5	212.5	162.5	0
2136	87.5	212.5	12.5	0
2137	87.5	212.5	212.5	0
2138	87.5	212.5	37.5	0
2139	87.5	212.5	62.5	0
2140	87.5	212.5	87.5	0
2141	87.5	212.5	112.5	0
2142	87.5	212.5	137.5	0
2143	87.5	212.5	187.5	0
2144	87.5	212.5	162.5	0
2145	112.5	212.5	12.5	0
2146	112.5	212.5	212.5	0
2147	112.5	212.5	37.5	0
2148	112.5	212.5	62.5	0
2149	112.5	212.5	87.5	0
2150	112.5	212.5	112.5	0
2151	112.5	212.5	137.5	0
2152	112.5	212.5	187.5	0
2153	112.5	212.5	162.5	0
2154	137.5	212.5	12.5	0
2155	137.5	212.5	212.5	0
2156	137.5	212.5	37.5	0
2157	137.5	212.5	62.5	0
2158	137.5	212.5	87.5	0
2159	137.5	212.5	112.5	0
2160	137.5	212.5	137.5	0
2161	137.5	212.5	187.5	0
2162	137.5	212.5	162.5	0
2167	187.5	237.5	-12.5	0
2168	187.5	237.5	237.5	0
2169	-12.5	237.5	237.5	0
2170	-12.5	237.5	-12.5	0
2203	187.5	237.5	212.5	0
2204	187.5	237.5	187.5	0
2205	187.5	237.5	162.5	0
2206	187.5	237.5	137.5	0
2207	187.5	237.5	112.5	0
2208	187.5	237.5	87.5	0
2209	187.5	237.5	62.5	0
2210	187.5	237.5	37.5	0
2211	187.5	237.5	12.5	0
2212	162.5	237.5	237.5	0
2213	137.5	237.5	237.5	0
2214	112.5	237.5	237.5	0
2215	87.5	237.5	237.5	0
2216	62.5	237.5	237.5	0
2217	37.5	237.5	237.5	0
2218	12.5	237.5	237.5	0
2219	12.5	237.5	-12.5	0
2220	37.5	237.5	-12.5	0
2221	62.5	237.5	-12.5	0
2222	87.5	237.5	-12.5	0
2223	112.5	237.5	-12.5	0
2224	137.5	237.5	-12.5	0
2225	162.5	237.5	-12.5	0
2226	-12.5	237.5	212.5	0
2227	-12.5	237.5	187.5	0
2228	-12.5	237.5	162.5	0
2229	-12.5	237.5	137.5	0
2230	-12.5	237.5	112.5	0
2231	-12.5	237.5	87.5	0
2232	-12.5	237.5	62.5	0
2233	-12.5	237.5	37.5	0
2234	-12.5	237.5	12.5	0
2298	12.5	237.5	12.5	0
2299	12.5	237.5	212.5	0
2300	12.5	237.5	37.5	0
2301	12.5	237.5	62.5	0
2302	12.5	237.5	87.5	0
2303	12.5	237.5	112.5	0
2304	12.5	237.5	137.5	0
2305	12.5	237.5	187.5	0
2306	12.5	237.5	162.5	0
2307	37.5	237.5	12.5	0
2308	37.5	237.5	212.5	0
2309	37.5	237.5	37.5	0
2310	37.5	237.5	62.5	0
2311	37.5	237.5	87.5	0
2312	37.5	237.5	112.5	0
2313	37.5	237.5	137.5	0
2314	37.5	237.5	187.5	0
2315	37.5	237.5	162.5	0
2316	162.5	237.5	12.5	0
2317	162.5	237.5	212.5	0
2318	162.5	237.5	37.5	0
2319	162.5	237.5	62.5	0
2320	162.5	237.5	87.5	0
2321	162.5	237.5	112.5	0
2322	162.5	237.5	137.5	0
2323	162.5	237.5	187.5	0
2324	162.5	237.5	162.5	0
2325	62.5	237.5	12.5	0
2326	62.5	237.5	212.5	0
2327	62.5	237.5	37.5	0
2328	62.5	237.5	62.5	0
2329	62.5	237.5	87.5	0
2330	62.5	237.5	112.5	0
2331	62.5	237.5	137.5	0
2332	62.5	237.5	187.5	0
2333	62.5	237.5	162.5	0
2334	87.5	237.5	12.5	0
2335	87.5	237.5	212.5	0
2336	87.5	237.5	37.5	0
2337	87.5	237.5	62.5	0
2338	87.5	237.5	87.5	0
2339	87.5	237.5	112.5	0
2340	87.5	237.5	137.5	0
2341	87.5	237.5	187.5	0
2342	87.5	237.5	162.5	0
2343	112.5	237.5	12.5	0
2344	112.5	237.5	212.5	0
2345	112.5	237.5	37.5	0
2346	112.5	237.5	62.5	0
2347	112.5	237.5	87.5	0
2348	112.5	237.5	112.5	0
2349	112.5	237.5	137.5	0
2350	112.5	237.5	187.5	0
2351	112.5	237.5	162.5	0
2352	137.5	237.5	12.5	0
2353	137.5	237.5	212.5	0
2354	137.5	237.5	37.5	0
2355	137.5	237.5	62.5	0
2356	137.5	237.5	87.5	0
2357	137.5	237.5	112.5	0
2358	137.5	237.5	137.5	0
2359	137.5	237.5	187.5	0
2360	137.5	237.5	162.5	0
2365	187.5	262.5	-12.5	0
2366	187.5	262.5	237.5	0
2367	-12.5	262.5	237.5	0
2368	-12.5	262.5	-12.5	0
2401	187.5	262.5	212.5	0
2402	187.5	262.5	187.5	0
2403	187.5	262.5	162.5	0
2404	187.5	262.5	137.5	0
2405	187.5	262.5	112.5	0
2406	187.5	262.5	87.5	0
2407	187.5	262.5	62.5	0
2408	187.5	262.5	37.5	0
2409	187.5	262.5	12.5	0
2410	162.5	262.5	237.5	0
2411	137.5	262.5	237.5	0
2412	112.5	262.5	237.5	0
2413	87.5	262.5	237.5	0
2414	62.5	262.5	237.5	0
2415	37.5	262.5	237.5	0
2416	12.5	262.5	237.5	0
2417	12.5	262.5	-12.5	0
2418	37.5	262.5	-12.5	0
2419	62.5	262.5	-12.5	0
2420	87.5	262.5	-12.5	0
2421	112.5	262.5	-12.5	0
2422	137.5	262.5	-12.5	0
2423	162.5	262.5	-12.5	0
2424	-12.5	262.5	212.5	0
2425	-12.5	262.5	187.5	0
2426	-12.5	262.5	162.5	0
2427	-12.5	262.5	137.5	0
2428	-12.5	262.5	112.5	0
2429	-12.5	262.5	87.5	0
2430	-12.5	262.5	62.5	0
2431	-12.5	262.5	37.5	0
2432	-12.5	262.5	12.5	0
2496	12.5	262.5	12.5	0
2497	12.5	262.5	212.5	0
2498	12.5	262.5	37.5	0
2499	12.5	262.5	62.5	0
2500	12.5	262.5	87.5	0
2501	12.5	262.5	112.5	0
2502	12.5	262.5	137.5	0
2503	12.5	262.5	187.5	0
2504	12.5	262.5	162.5	0
2505	37.5	262.5	12.5	0
2506	37.5	262.5	212.5	0
2507	37.5	262.5	37.5	0
2508	37.5	262.5	62.5	0
2509	37.5	262.5	87.5	0
2510	37.5	262.5	112.5	0
2511	37.5	262.5	137.5	0
2512	37.5	262.5	187.5	0
2513	37.5	262.5	162.5	0
2514	162.5	262.5	12.5	0
2515	162.5	262.5	212.5	0
2516	162.5	262.5	37.5	0
2517	162.5	262.5	62.5	0
2518	162.5	262.5	87.5	0
2519	162.5	262.5	112.5	0
2520	162.5	262.5	137.5	0
2521	162.5	262.5	187.5	0
2522	162.5	262.5	162.5	0
2523	62.5	262.5	12.5	0
2524	62.5	262.5	212.5	0
2525	62.5	262.5	37.5	0
2526	62.5	262.5	62.5	0
2527	62.5	262.5	87.5	0
2528	62.5	262.5	112.5	0
2529	62.5	262.5	137.5	0
2530	62.5	262.5	187.5	0
2531	62.5	262.5	162.5	0
2532	87.5	262.5	12.5	0
2533	87.5	262.5	212.5	0
2534	87.5	262.5	37.5	0
2535	87.5	262.5	62.5	0
2536	87.5	262.5	87.5	0
2537	87.5	262.5	112.5	0
2538	87.5	262.5	137.5	0
2539	87.5	262.5	187.5	0
2540	87.5	262.5	162.5	0
2541	112.5	262.5	12.5	0
2542	112.5	262.5	212.5	0
2543	112.5	262.5	37.5	0
2544	112.5	262.5	62.5	0
2545	112.5	262.5	87.5	0
2546	112.5	262.5	112.5	0
2547	112.5	262.5	137.5	0
2548	112.5	262.5	187.5	0
2549	112.5	262.5	162.5	0
2550	137.5	262.5	12.5	0
2551	137.5	262.5	212.5	0
2552	137.5	262.5	37.5	0
2553	137.5	262.5	62.5	0
2554	137.5	262.5	87.5	0
2555	137.5	262.5	112.5	0
2556	137.5	262.5	137.5	0
2557	137.5	262.5	187.5	0
2558	137.5	262.5	162.5	0
2563	187.5	287.5	-12.5	0
2564	187.5	287.5	237.5	0
2565	-12.5	287.5	237.5	0
2566	-12.5	287.5	-12.5	0
2599	187.5	287.5	212.5	0
2600	187.5	287.5	187.5	0
2601	187.5	287.5	162.5	0
2602	187.5	287.5	137.5	0
2603	187.5	287.5	112.5	0
2604	187.5	287.5	87.5	0
2605	187.5	287.5	62.5	0
2606	187.5	287.5	37.5	0
2607	187.5	287.5	12.5	0
2608	162.5	287.5	237.5	0
2609	137.5	287.5	237.5	0
2610	112.5	287.5	237.5	0
2611	87.5	287.5	237.5	0
2612	62.5	287.5	237.5	0
2613	37.5	287.5	237.5	0
2614	12.5	287.5	237.5	0
2615	12.5	287.5	-12.5	0
2616	37.5	287.5	-12.5	0
2617	62.5	287.5	-12.5	0
2618	87.5	287.5	-12.5	0
2619	112.5	287.5	-12.5	0
2620	137.5	287.5	-12.5	0
2621	162.5	287.5	-12.5	0
2622	-12.5	287.5	212.5	0
2623	-12.5	287.5	187.5	0
2624	-12.5	287.5	162.5	0
2625	-12.5	287.5	137.5	0
2626	-12.5	287.5	112.5	0
2627	-12.5	287.5	87.5	0
2628	-12.5	287.5	62.5	0
2629	-12.5	287.5	37.5	0
2630	-12.5	287.5	12.5	0
2694	12.5	287.5	12.5	0
2695	12.5	287.5	212.5	0
2696	12.5	287.5	37.5	0
2697	12.5	287.5	62.5	0
2698	12.5	287.5	87.5	0
2699	12.5	287.5	112.5	0
2700	12.5	287.5	137.5	0
2701	12.5	287.5	187.5	0
2702	12.5	287.5	162.5	0
2703	37.5	287.5	12.5	0
2704	37.5	287.5	212.5	0
2705	37.5	287.5	37.5	0
2706	37.5	287.5	62.5	0
2707	37.5	287.5	87.5	0
2708	37.5	287.5	112.5	0
2709	37.5	287.5	137.5	0
2710	37.5	287.5	187.5	0
2711	37.5	287.5	162.5	0
2712	162.5	287.5	12.5	0
2713	162.5	287.5	212.5	0
2714	162.5	287.5	37.5	0
2715	162.5	287.5	62.5	0
2716	162.5	287.5	87.5	0
2717	162.5	287.5	112.5	0
2718	162.5	287.5	137.5	0
2719	162.5	287.5	187.5	0
2720	162.5	287.5	162.5	0
2721	62.5	287.5	12.5	0
2722	62.5	287.5	212.5	0
2723	62.5	287.5	37.5	0
2724	62.5	287.5	62.5	0
2725	62.5	287.5	87.5	0
2726	62.5	287.5	112.5	0
2727	62.5	287.5	137.5	0
2728	62.5	287.5	187.5	0
2729	62.5	287.5	162.5	0
2730	87.5	287.5	12.5	0
2731	87.5	287.5	212.5	0
2732	87.5	287.5	37.5	0
2733	87.5	287.5	62.5	0
2734	87.5	287.5	87.5	0
2735	87.5	287.5	112.5	0
2736	87.5	287.5	137.5	0
2737	87.5	287.5	187.5	0
2738	87.5	287.5	162.5	0
2739	112.5	287.5	12.5	0
2740	112.5	287.5	212.5	0
2741	112.5	287.5	37.5	0
2742	112.5	287.5	62.5	0
2743	112.5	287.5	87.5	0
2744	112.5	287.5	112.5	0
2745	112.5	287.5	137.5	0
2746	112.5	287.5	187.5	0
2747	112.5	287.5	162.5	0
2748	137.5	287.5	12.5	0
2749	137.5	287.5	212.5	0
2750	137.5	287.5	37.5	0
2751	137.5	287.5	62.5	0
2752	137.5	287.5	87.5	0
2753	137.5	287.5	112.5	0
2754	137.5	287.5	137.5	0
2755	137.5	287.5	187.5	0
2756	137.5	287.5	162.5	0
2761	187.5	312.5	-12.5	0
2762	187.5	312.5	237.5	0
2763	-12.5	312.5	237.5	0
2764	-12.5	312.5	-12.5	0
2797	187.5	312.5	212.5	0
2798	187.5	312.5	187.5	0
2799	187.5	312.5	162.5	0
2800	187.5	312.5	137.5	0
2801	187.5	312.5	112.5	0
2802	187.5	312.5	87.5	0
2803	187.5	312.5	62.5	0
2804	187.5	312.5	37.5	0
2805	187.5	312.5	12.5	0
2806	162.5	312.5	237.5	0
2807	137.5	312.5	237.5	0
2808	112.5	312.5	237.5	0
2809	87.5	312.5	237.5	0
2810	62.5	312.5	237.5	0
2811	37.5	312.5	237.5	0
2812	12.5	312.5	237.5	0
2813	12.5	312.5	-12.5	0
2814	37.5	312.5	-12.5	0
2815	62.5	312.5	-12.5	0
2816	87.5	312.5	-12.5	0
2817	112.5	312.5	-12.5	0
2818	137.5	312.5	-12.5	0
2819	162.5	312.5	-12.5	0
2820	-12.5	312.5	212.5	0
2821	-12.5	312.5	187.5	0
2822	-12.5	312.5	162.5	0
2823	-12.5	312.5	137.5	0
2824	-12.5	312.5	112.5	0
2825	-12.5	312.5	87.5	0
2826	-12.5	312.5	62.5	0
2827	-12.5	312.5	37.5	0
2828	-12.5	312.5	12.5	0
2892	12.5	312.5	12.5	0
2893	12.5	312.5	212.5	0
2894	12.5	312.5	37.5	0
2895	12.5	312.5	62.5	0
2896	12.5	312.5	87.5	0
2897	12.5	312.5	112.5	0
2898	12.5	312.5	137.5	0
2899	12.5	312.5	187.5	0
2900	12.5	312.5	162.5	0
2901	37.5	312.5	12.5	0
2902	37.5	312.5	212.5	0
2903	37.5	312.5	37.5	0
2904	37.5	312.5	62.5	0
2905	37.5	312.5	87.5	0
2906	37.5	312.5	112.5	0
2907	37.5	312.5	137.5	0
2908	37.5	312.5	187.5	0
2909	37.5	312.5	162.5	0
2910	162.5	312.5	12.5	0
2911	162.5	312.5	212.5	0
2912	162.5	312.5	37.5	0
2913	162.5	312.5	62.5	0
2914	162.5	312.5	87.5	0
2915	162.5	312.5	112.5	0
2916	162.5	312.5	137.5	0
2917	162.5	312.5	187.5	0
2918	162.5	312.5	162.5	0
2919	62.5	312.5	12.5	0
2920	62.5	312.5	212.5	0
2921	62.5	312.5	37.5	0
2922	62.5	312.5	62.5	0
2923	62.5	312.5	87.5	0
2924	62.5	312.5	112.5	0
2925	62.5	312.5	137.5	0
2926	62.5	312.5	187.5	0
2927	62.5	312.5	162.5	0
2928	87.5	312.5	12.5	0
2929	87.5	312.5	212.5	0
2930	87.5	312.5	37.5	0
2931	87.5	312.5	62.5	0
2932	87.5	312.5	87.5	0
2933	87.5	312.5	112.5	0
2934	87.5	312.5	137.5	0
2935	87.5	312.5	187.5	0
2936	87.5	312.5	162.5	0
2937	112.5	312.5	12.5	0
2938	112.5	312.5	212.5	0
2939	112.5	312.5	37.5	0
2940	112.5	312.5	62.5	0
2941	112.5	312.5	87.5	0
2942	112.5	312.5	112.5	0
2943	112.5	312.5	137.5	0
2944	112.5	312.5	187.5	0
2945	112.5	312.5	162.5	0
2946	137.5	312.5	12.5	0
2947	137.5	312.5	212.5	0
2948	137.5	312.5	37.5	0
2949	137.5	312.5	62.5	0
2950	137.5	312.5	87.5	0
2951	137.5	312.5	112.5	0
2952	137.5	312.5	137.5	0
2953	137.5	312.5	187.5	0
2954	137.5	312.5	162.5	0
2959	187.5	337.5	-12.5	0
2960	187.5	337.5	237.5	0
2961	-12.5	337.5	237.5	0
2962	-12.5	337.5	-12.5	0
2995	187.5	337.5	212.5	0
2996	187.5	337.5	187.5	0
2997	187.5	337.5	162.5	0
2998	187.5	337.5	137.5	0
2999	187.5	337.5	112.5	0
3000	187.5	337.5	87.5	0
3001	187.5	337.5	62.5	0
3002	187.5	337.5	37.5	0
3003	187.5	337.5	12.5	0
3004	162.5	337.5	237.5	0
3005	137.5	337.5	237.5	0
3006	112.5	337.5	237.5	0
3007	87.5	337.5	237.5	0
3008	62.5	337.5	237.5	0
3009	37.5	337.5	237.5	0
3010	12.5	337.5	237.5	0
3011	12.5	337.5	-12.5	0
3012	37.5	337.5	-12.5	0
3013	62.5	337.5	-12.5	0
3014	87.5	337.5	-12.5	0
3015	112.5	337.5	-12.5	0
3016	137.5	337.5	-12.5	0
3017	162.5	337.5	-12.5	0
3018	-12.5	337.5	212.5	0
3019	-12.5	337.5	187.5	0
3020	-12.5	337.5	162.5	0
3021	-12.5	337.5	137.5	0
3022	-12.5	337.5	112.5	0
3023	-12.5	337.5	87.5	0
3024	-12.5	337.5	62.5	0
3025	-12.5	337.5	37.5	0
3026	-12.5	337.5	12.5	0
3090	12.5	337.5	12.5	0
3091	12.5	337.5	212.5	0
3092	12.5	337.5	37.5	0
3093	12.5	337.5	62.5	0
3094	12.5	337.5	87.5	0
3095	12.5	337.5	112.5	0
3096	12.5	337.5	137.5	0
3097	12.5	337.5	187.5	0
3098	12.5	337.5	162.5	0
3099	37.5	337.5	12.5	0
3100	37.5	337.5	212.5	0
3101	37.5	337.5	37.5	0
3102	37.5	337.5	62.5	0
3103	37.5	337.5	87.5	0
3104	37.5	337.5	112.5	0
3105	37.5	337.5	137.5	0
3106	37.5	337.5	187.5	0
3107	37.5	337.5	162.5	0
3108	162.5	337.5	12.5	0
3109	162.5	337.5	212.5	0
3110	162.5	337.5	37.5	0
3111	162.5	337.5	62.5	0
3112	162.5	337.5	87.5	0
3113	162.5	337.5	112.5	0
3114	162.5	337.5	137.5	0
3115	162.5	337.5	187.5	0
3116	162.5	337.5	162.5	0
3117	62.5	337.5	12.5	0
3118	62.5	337.5	212.5	0
3119	62.5	337.5	37.5	0
3120	62.5	337.5	62.5	0
3121	62.5	337.5	87.5	0
3122	62.5	337.5	112.5	0
3123	62.5	337.5	137.5	0
3124	62.5	337.5	187.5	0
3125	62.5	337.5	162.5	0
3126	87.5	337.5	12.5	0
3127	87.5	337.5	212.5	0
3128	87.5	337.5	37.5	0
3129	87.5	337.5	62.5	0
3130	87.5	337.5	87.5	0
3131	87.5	337.5	112.5	0
3132	87.5	337.5	137.5	0
3133	87.5	337.5	187.5	0
3134	87.5	337.5	162.5	0
3135	112.5	337.5	12.5	0
3136	112.5	337.5	212.5	0
3137	112.5	337.5	37.5	0
3138	112.5	337.5	62.5	0
3139	112.5	337.5	87.5	0
3140	112.5	337.5	112.5	0
3141	112.5	337.5	137.5	0
3142	112.5	337.5	187.5	0
3143	112.5	337.5	162.5	0
3144	137.5	337.5	12.5	0
3145	137.5	337.5	212.5	0
3146	137.5	337.5	37.5	0
3147	137.5	337.5	62.5	0
3148	137.5	337.5	87.5	0
3149	137.5	337.5	112.5	0
3150	137.5	337.5	137.5	0
3151	137.5	337.5	187.5	0
3152	137.5	337.5	162.5	0
3157	187.5	362.5	-12.5	0
3158	187.5	362.5	237.5	0
3159	-12.5	362.5	237.5	0
3160	-12.5	362.5	-12.5	0
3193	187.5	362.5	212.5	0
3194	187.5	362.5	187.5	0
3195	187.5	362.5	162.5	0
3196	187.5	362.5	137.5	0
3197	187.5	362.5	112.5	0
3198	187.5	362.5	87.5	0
3199	187.5	362.5	62.5	0
3200	187.5	362.5	37.5	0
3201	187.5	362.5	12.5	0
3202	162.5	362.5	237.5	0
3203	137.5	362.5	237.5	0
3204	112.5	362.5	237.5	0
3205	87.5	362.5	237.5	0
3206	62.5	362.5	237.5	0
3207	37.5	362.5	237.5	0
3208	12.5	362.5	237.5	0
3209	12.5	362.5	-12.5	0
3210	37.5	362.5	-12.5	0
3211	62.5	362.5	-12.5	0
3212	87.5	362.5	-12.5	0
3213	112.5	362.5	-12.5	0
3214	137.5	362.5	-12.5	0
3215	162.5	362.5	-12.5	0
3216	-12.5	362.5	212.5	0
3217	-12.5	362.5	187.5	0
3218	-12.5	362.5	162.5	0
3219	-12.5	362.5	137.5	0
3220	-12.5	362.5	112.5	0
3221	-12.5	362.5	87.5	0
3222	-12.5	362.5	62.5	0
3223	-12.5	362.5	37.5	0
3224	-12.5	362.5	12.5	0
3288	12.5	362.5	12.5	0
3289	12.5	362.5	212.5	0
3290	12.5	362.5	37.5	0
3291	12.5	362.5	62.5	0
3292	12.5	362.5	87.5	0
3293	12.5	362.5	112.5	0
3294	12.5	362.5	137.5	0
3295	12.5	362.5	187.5	0
3296	12.5	362.5	162.5	0
3297	37.5	362.5	12.5	0
3298	37.5	362.5	212.5	0
3299	37.5	362.5	37.5	0
3300	37.5	362.5	62.5	0
3301	37.5	362.5	87.5	0
3302	37.5	362.5	112.5	0
3303	37.5	362.5	137.5	0
3304	37.5	362.5	187.5	0
3305	37.5	362.5	162.5	0
3306	162.5	362.5	12.5	0
3307	162.5	362.5	212.5	0
3308	162.5	362.5	37.5	0
3309	162.5	362.5	62.5	0
3310	162.5	362.5	87.5	0
3311	162.5	362.5	112.5	0
3312	162.5	362.5	137.5	0
3313	162.5	362.5	187.5	0
3314	162.5	362.5	162.5	0
3315	62.5	362.5	12.5	0
3316	62.5	362.5	212.5	0
3317	62.5	362.5	37.5	0
3318	62.5	362.5	62.5	0
3319	62.5	362.5	87.5	0
3320	62.5	362.5	112.5	0
3321	62.5	362.5	137.5	0
3322	62.5	362.5	187.5	0
3323	62.5	362.5	162.5	0
3324	87.5	362.5	12.5	0
3325	87.5	362.5	212.5	0
3326	87.5	362.5	37.5	0
3327	87.5	362.5	62.5	0
3328	87.5	362.5	87.5	0
3329	87.5	362.5	112.5	0
3330	87.5	362.5	137.5	0
3331	87.5	362.5	187.5	0
3332	87.5	362.5	162.5	0
3333	112.5	362.5	12.5	0
3334	112.5	362.5	212.5	0
3335	112.5	362.5	37.5	0
3336	112.5	362.5	62.5	0
3337	112.5	362.5	87.5	0
3338	112.5	362.5	112.5	0
3339	112.5	362.5	137.5	0
3340	112.5	362.5	187.5	0
3341	112.5	362.5	162.5	0
3342	137.5	362.5	12.5	0
3343	137.5	362.5	212.5	0
3344	137.5	362.5	37.5	0
3345	137.5	362.5	62.5	0
3346	137.5	362.5	87.5	0
3347	137.5	362.5	112.5	0
3348	137.5	362.5	137.5	0
3349	137.5	362.5	187.5	0
3350	137.5	362.5	162.5	0
3355	187.5	387.5	-12.5	0
3356	187.5	387.5	237.5	0
3357	-12.5	387.5	237.5	0
3358	-12.5	387.5	-12.5	0
3391	187.5	387.5	212.5	0
3392	187.5	387.5	187.5	0
3393	187.5	387.5	162.5	0
3394	187.5	387.5	137.5	0
3395	187.5	387.5	112.5	0
3396	187.5	387.5	87.5	0
3397	187.5	387.5	62.5	0
3398	187.5	387.5	37.5	0
3399	187.5	387.5	12.5	0
3400	162.5	387.5	237.5	0
3401	137.5	387.5	237.5	0
3402	112.5	387.5	237.5	0
3403	87.5	387.5	237.5	0
3404	62.5	387.5	237.5	0
3405	37.5	387.5	237.5	0
3406	12.5	387.5	237.5	0
3407	12.5	387.5	-12.5	0
3408	37.5	387.5	-12.5	0
3409	62.5	387.5	-12.5	0
3410	87.5	387.5	-12.5	0
3411	112.5	387.5	-12.5	0
3412	137.5	387.5	-12.5	0
3413	162.5	387.5	-12.5	0
3414	-12.5	387.5	212.5	0
3415	-12.5	387.5	187.5	0
3416	-12.5	387.5	162.5	0
3417	-12.5	387.5	137.5	0
3418	-12.5	387.5	112.5	0
3419	-12.5	387.5	87.5	0
3420	-12.5	387.5	62.5	0
3421	-12.5	387.5	37.5	0
3422	-12.5	387.5	12.5	0
3486	12.5	387.5	12.5	0
3487	12.5	387.5	212.5	0
3488	12.5	387.5	37.5	0
3489	12.5	387.5	62.5	0
3490	12.5	387.5	87.5	0
3491	12.5	387.5	112.5	0
3492	12.5	387.5	137.5	0
3493	12.5	387.5	187.5	0
3494	12.5	387.5	162.5	0
3495	37.5	387.5	12.5	0
3496	37.5	387.5	212.5	0
3497	37.5	387.5	37.5	0
3498	37.5	387.5	62.5	0
3499	37.5	387.5	87.5	0
3500	37.5	387.5	112.5	0
3501	37.5	387.5	137.5	0
3502	37.5	387.5	187.5	0
3503	37.5	387.5	162.5	0
3504	162.5	387.5	12.5	0
3505	162.5	387.5	212.5	0
3506	162.5	387.5	37.5	0
3507	162.5	387.5	62.5	0
3508	162.5	387.5	87.5	0
3509	162.5	387.5	112.5	0
3510	162.5	387.5	137.5	0
3511	162.5	387.5	187.5	0
3512	162.5	387.5	162.5	0
3513	62.5	387.5	12.5	0
3514	62.5	387.5	212.5	0
3515	62.5	387.5	37.5	0
3516	62.5	387.5	62.5	0
3517	62.5	387.5	87.5	0
3518	62.5	387.5	112.5	0
3519	62.5	387.5	137.5	0
3520	62.5	387.5	187.5	0
3521	62.5	387.5	162.5	0
3522	87.5	387.5	12.5	0
3523	87.5	387.5	212.5	0
3524	87.5	387.5	37.5	0
3525	87.5	387.5	62.5	0
3526	87.5	387.5	87.5	0
3527	87.5	387.5	112.5	0
3528	87.5	387.5	137.5	0
3529	87.5	387.5	187.5	0
3530	87.5	387.5	162.5	0
3531	112.5	387.5	12.5	0
3532	112.5	387.5	212.5	0
3533	112.5	387.5	37.5	0
3534	112.5	387.5	62.5	0
3535	112.5	387.5	87.5	0
3536	112.5	387.5	112.5	0
3537	112.5	387.5	137.5	0
3538	112.5	387.5	187.5	0
3539	112.5	387.5	162.5	0
3540	137.5	387.5	12.5	0
3541	137.5	387.5	212.5	0
3542	137.5	387.5	37.5	0
3543	137.5	387.5	62.5	0
3544	137.5	387.5	87.5	0
3545	137.5	387.5	112.5	0
3546	137.5	387.5	137.5	0
3547	137.5	387.5	187.5	0
3548	137.5	387.5	162.5	0
3553	187.5	412.5	-12.5	0
3554	187.5	412.5	237.5	0
3555	-12.5	412.5	237.5	0
3556	-12.5	412.5	-12.5	0
3589	187.5	412.5	212.5	0
3590	187.5	412.5	187.5	0
3591	187.5	412.5	162.5	0
3592	187.5	412.5	137.5	0
3593	187.5	412.5	112.5	0
3594	187.5	412.5	87.5	0
3595	187.5	412.5	62.5	0
3596	187.5	412.5	37.5	0
3597	187.5	412.5	12.5	0
3598	162.5	412.5	237.5	0
3599	137.5	412.5	237.5	0
3600	112.5	412.5	237.5	0
3601	87.5	412.5	237.5	0
3602	62.5	412.5	237.5	0
3603	37.5	412.5	237.5	0
3604	12.5	412.5	237.5	0
3605	12.5	412.5	-12.5	0
3606	37.5	412.5	-12.5	0
3607	62.5	412.5	-12.5	0
3608	87.5	412.5	-12.5	0
3609	112.5	412.5	-12.5	0
3610	137.5	412.5	-12.5	0
3611	162.5	412.5	-12.5	0
3612	-12.5	412.5	212.5	0
3613	-12.5	412.5	187.5	0
3614	-12.5	412.5	162.5	0
3615	-12.5	412.5	137.5	0
3616	-12.5	412.5	112.5	0
3617	-12.5	412.5	87.5	0
3618	-12.5	412.5	62.5	0
3619	-12.5	412.5	37.5	0
3620	-12.5	412.5	12.5	0
3684	12.5	412.5	12.5	0
3685	12.5	412.5	212.5	0
3686	12.5	412.5	37.5	0
3687	12.5	412.5	62.5	0
3688	12.5	412.5	87.5	0
3689	12.5	412.5	112.5	0
3690	12.5	412.5	137.5	0
3691	12.5	412.5	187.5	0
3692	12.5	412.5	162.5	0
3693	37.5	412.5	12.5	0
3694	37.5	412.5	212.5	0
3695	37.5	412.5	37.5	0
3696	37.5	412.5	62.5	0
3697	37.5	412.5	87.5	0
3698	37.5	412.5	112.5	0
3699	37.5	412.5	137.5	0
3700	37.5	412.5	187.5	0
3701	37.5	412.5	162.5	0
3702	162.5	412.5	12.5	0
3703	162.5	412.5	212.5	0
3704	162.5	412.5	37.5	0
3705	162.5	412.5	62.5	0
3706	162.5	412.5	87.5	0
3707	162.5	412.5	112.5	0
3708	162.5	412.5	137.5	0
3709	162.5	412.5	187.5	0
3710	162.5	412.5	162.5	0
3711	62.5	412.5	12.5	0
3712	62.5	412.5	212.5	0
3713	62.5	412.5	37.5	0
3714	62.5	412.5	62.5	0
3715	62.5	412.5	87.5	0
3716	62.5	412.5	112.5	0
3717	62.5	412.5	137.5	0
3718	62.5	412.5	187.5	0
3719	62.5	412.5	162.5	0
3720	87.5	412.5	12.5	0
3721	87.5	412.5	212.5	0
3722	87.5	412.5	37.5	0
3723	87.5	412.5	62.5	0
3724	87.5	412.5	87.5	0
3725	87.5	412.5	112.5	0
3726	87.5	412.5	137.5	0
3727	87.5	412.5	187.5	0
3728	87.5	412.5	162.5	0
3729	112.5	412.5	12.5	0
3730	112.5	412.5	212.5	0
3731	112.5	412.5	37.5	0
3732	112.5	412.5	62.5	0
3733	112.5	412.5	87.5	0
3734	112.5	412.5	112.5	0
3735	112.5	412.5	137.5	0
3736	112.5	412.5	187.5	0
3737	112.5	412.5	162.5	0
3738	137.5	412.5	12.5	0
3739	137.5	412.5	212.5	0
3740	137.5	412.5	37.5	0
3741	137.5	412.5	62.5	0
3742	137.5	412.5	87.5	0
3743	137.5	412.5	112.5	0
3744	137.5	412.5	137.5	0
3745	137.5	412.5	187.5	0
3746	137.5	412.5	162.5	0
3751	187.5	437.5	-12.5	0
3752	187.5	437.5	237.5	0
3753	-12.5	437.5	237.5	0
3754	-12.5	437.5	-12.5	0
3787	187.5	437.5	212.5	0
3788	187.5	437.5	187.5	0
3789	187.5	437.5	162.5	0
3790	187.5	437.5	137.5	0
3791	187.5	437.5	112.5	0
3792	187.5	437.5	87.5	0
3793	187.5	437.5	62.5	0
3794	187.5	437.5	37.5	0
3795	187.5	437.5	12.5	0
3796	162.5	437.5	237.5	0
3797	137.5	437.5	237.5	0
3798	112.5	437.5	237.5	0
3799	87.5	437.5	237.5	0
3800	62.5	437.5	237.5	0
3801	37.5	437.5	237.5	0
3802	12.5	437.5	237.5	0
3803	12.5	437.5	-12.5	0
3804	37.5	437.5	-12.5	0
3805	62.5	437.5	-12.5	0
3806	87.5	437.5	-12.5	0
3807	112.5	437.5	-12.5	0
3808	137.5	437.5	-12.5	0
3809	162.5	437.5	-12.5	0
3810	-12.5	437.5	212.5	0
3811	-12.5	437.5	187.5	0
3812	-12.5	437.5	162.5	0
3813	-12.5	437.5	137.5	0
3814	-12.5	437.5	112.5	0
3815	-12.5	437.5	87.5	0
3816	-12.5	437.5	62.5	0
3817	-12.5	437.5	37.5	0
3818	-12.5	437.5	12.5	0
3882	12.5	437.5	12.5	0
3883	12.5	437.5	212.5	0
3884	12.5	437.5	37.5	0
3885	12.5	437.5	62.5	0
3886	12.5	437.5	87.5	0
3887	12.5	437.5	112.5	0
3888	12.5	437.5	137.5	0
3889	12.5	437.5	187.5	0
3890	12.5	437.5	162.5	0
3891	37.5	437.5	12.5	0
3892	37.5	437.5	212.5	0
3893	37.5	437.5	37.5	0
3894	37.5	437.5	62.5	0
3895	37.5	437.5	87.5	0
3896	37.5	437.5	112.5	0
3897	37.5	437.5	137.5	0
3898	37.5	437.5	187.5	0
3899	37.5	437.5	162.5	0
3900	162.5	437.5	12.5	0
3901	162.5	437.5	212.5	0
3902	162.5	437.5	37.5	0
3903	162.5	437.5	62.5	0
3904	162.5	437.5	87.5	0
3905	162.5	437.5	112.5	0
3906	162.5	437.5	137.5	0
3907	162.5	437.5	187.5	0
3908	162.5	437.5	162.5	0
3909	62.5	437.5	12.5	0
3910	62.5	437.5	212.5	0
3911	62.5	437.5	37.5	0
3912	62.5	437.5	62.5	0
3913	62.5	437.5	87.5	0
3914	62.5	437.5	112.5	0
3915	62.5	437.5	137.5	0
3916	62.5	437.5	187.5	0
3917	62.5	437.5	162.5	0
3918	87.5	437.5	12.5	0
3919	87.5	437.5	212.5	0
3920	87.5	437.5	37.5	0
3921	87.5	437.5	62.5	0
3922	87.5	437.5	87.5	0
3923	87.5	437.5	112.5	0
3924	87.5	437.5	137.5	0
3925	87.5	437.5	187.5	0
3926	87.5	437.5	162.5	0
3927	112.5	437.5	12.5	0
3928	112.5	437.5	212.5	0
3929	112.5	437.5	37.5	0
3930	112.5	437.5	62.5	0
3931	112.5	437.5	87.5	0
3932	112.5	437.5	112.5	0
3933	112.5	437.5	137.5	0
3934	112.5	437.5	187.5	0
3935	112.5	437.5	162.5	0
3936	137.5	437.5	12.5	0
3937	137.5	437.5	212.5	0
3938	137.5	437.5	37.5	0
3939	137.5	437.5	62.5	0
3940	137.5	437.5	87.5	0
3941	137.5	437.5	112.5	0
3942	137.5	437.5	137.5	0
3943	137.5	437.5	187.5	0
3944	137.5	437.5	162.5	0
