1	40	0	90	0
2	40	96	90	0
3	35	0	90	0
4	35	96	90	0
5	30	0	90	0
6	30	96	90	0
7	25	0	90	0
8	25	96	90	0
9	20	0	90	0
10	20	96	90	0
11	15	0	90	0
12	15	96	90	0
13	10	0	90	0
14	10	96	90	0
15	5	0	90	0
16	5	96	90	0
17	0	0	90	0
18	0	96	90	0
19	40	0	0	0
20	40	96	0	0
21	35	0	0	0
22	35	96	0	0
23	30	0	0	0
24	30	96	0	0
25	25	0	0	0
26	25	96	0	0
27	20	0	0	0
28	20	96	0	0
29	15	0	0	0
30	15	96	0	0
31	10	0	0	0
32	10	96	0	0
33	5	0	0	0
34	5	96	0	0
35	0	0	0	0
36	0	96	0	0
37	40	0	130	0
38	40	96	130	0
39	35	0	130	0
40	35	96	130	0
41	30	0	130	0
42	30	96	130	0
43	25	0	130	0
44	25	96	130	0
45	20	0	130	0
46	20	96	130	0
47	15	0	130	0
48	15	96	130	0
49	10	0	130	0
50	10	96	130	0
51	5	0	130	0
52	5	96	130	0
53	0	0	130	0
54	0	96	130	0
55	40	0	128	0
56	40	96	128	0
57	35	0	128	0
58	35	96	128	0
59	30	0	128	0
60	30	96	128	0
61	25	0	128	0
62	25	96	128	0
63	20	0	128	0
64	20	96	128	0
65	15	0	128	0
66	15	96	128	0
67	10	0	128	0
68	10	96	128	0
69	5	0	128	0
70	5	96	128	0
71	0	0	128	0
72	0	96	128	0
73	40	0	126	0
74	40	96	126	0
75	35	0	126	0
76	35	96	126	0
77	30	0	126	0
78	30	96	126	0
79	25	0	126	0
80	25	96	126	0
81	20	0	126	0
82	20	96	126	0
83	15	0	126	0
84	15	96	126	0
85	10	0	126	0
86	10	96	126	0
87	5	0	126	0
88	5	96	126	0
89	0	0	126	0
90	0	96	126	0
91	40	0	124	0
92	40	96	124	0
93	35	0	124	0
94	35	96	124	0
95	30	0	124	0
96	30	96	124	0
97	25	0	124	0
98	25	96	124	0
99	20	0	124	0
100	20	96	124	0
101	15	0	124	0
102	15	96	124	0
103	10	0	124	0
104	10	96	124	0
105	5	0	124	0
106	5	96	124	0
107	0	0	124	0
108	0	96	124	0
109	40	0	122	0
110	40	96	122	0
111	35	0	122	0
112	35	96	122	0
113	30	0	122	0
114	30	96	122	0
115	25	0	122	0
116	25	96	122	0
117	20	0	122	0
118	20	96	122	0
119	15	0	122	0
120	15	96	122	0
121	10	0	122	0
122	10	96	122	0
123	5	0	122	0
124	5	96	122	0
125	0	0	122	0
126	0	96	122	0
127	40	0	120	0
128	40	96	120	0
129	35	0	120	0
130	35	96	120	0
131	30	0	120	0
132	30	96	120	0
133	25	0	120	0
134	25	96	120	0
135	20	0	120	0
136	20	96	120	0
137	15	0	120	0
138	15	96	120	0
139	10	0	120	0
140	10	96	120	0
141	5	0	120	0
142	5	96	120	0
143	0	0	120	0
144	0	96	120	0
145	40	0	118	0
146	40	96	118	0
147	35	0	118	0
148	35	96	118	0
149	30	0	118	0
150	30	96	118	0
151	25	0	118	0
152	25	96	118	0
153	20	0	118	0
154	20	96	118	0
155	15	0	118	0
156	15	96	118	0
157	10	0	118	0
158	10	96	118	0
159	5	0	118	0
160	5	96	118	0
161	0	0	118	0
162	0	96	118	0
163	40	0	116	0
164	40	96	116	0
165	35	0	116	0
166	35	96	116	0
167	30	0	116	0
168	30	96	116	0
169	25	0	116	0
170	25	96	116	0
171	20	0	116	0
172	20	96	116	0
173	15	0	116	0
174	15	96	116	0
175	10	0	116	0
176	10	96	116	0
177	5	0	116	0
178	5	96	116	0
179	0	0	116	0
180	0	96	116	0
181	40	0	114	0
182	40	96	114	0
183	35	0	114	0
184	35	96	114	0
185	30	0	114	0
186	30	96	114	0
187	25	0	114	0
188	25	96	114	0
189	20	0	114	0
190	20	96	114	0
191	15	0	114	0
192	15	96	114	0
193	10	0	114	0
194	10	96	114	0
195	5	0	114	0
196	5	96	114	0
197	0	0	114	0
198	0	96	114	0
199	40	0	112	0
200	40	96	112	0
201	35	0	112	0
202	35	96	112	0
203	30	0	112	0
204	30	96	112	0
205	25	0	112	0
206	25	96	112	0
207	20	0	112	0
208	20	96	112	0
209	15	0	112	0
210	15	96	112	0
211	10	0	112	0
212	10	96	112	0
213	5	0	112	0
214	5	96	112	0
215	0	0	112	0
216	0	96	112	0
217	40	0	110	0
218	40	96	110	0
219	35	0	110	0
220	35	96	110	0
221	30	0	110	0
222	30	96	110	0
223	25	0	110	0
224	25	96	110	0
225	20	0	110	0
226	20	96	110	0
227	15	0	110	0
228	15	96	110	0
229	10	0	110	0
230	10	96	110	0
231	5	0	110	0
232	5	96	110	0
233	0	0	110	0
234	0	96	110	0
235	40	0	108	0
236	40	96	108	0
237	35	0	108	0
238	35	96	108	0
239	30	0	108	0
240	30	96	108	0
241	25	0	108	0
242	25	96	108	0
243	20	0	108	0
244	20	96	108	0
245	15	0	108	0
246	15	96	108	0
247	10	0	108	0
248	10	96	108	0
249	5	0	108	0
250	5	96	108	0
251	0	0	108	0
252	0	96	108	0
253	40	0	106	0
254	40	96	106	0
255	35	0	106	0
256	35	96	106	0
257	30	0	106	0
258	30	96	106	0
259	25	0	106	0
260	25	96	106	0
261	20	0	106	0
262	20	96	106	0
263	15	0	106	0
264	15	96	106	0
265	10	0	106	0
266	10	96	106	0
267	5	0	106	0
268	5	96	106	0
269	0	0	106	0
270	0	96	106	0
271	40	0	104	0
272	40	96	104	0
273	35	0	104	0
274	35	96	104	0
275	30	0	104	0
276	30	96	104	0
277	25	0	104	0
278	25	96	104	0
279	20	0	104	0
280	20	96	104	0
281	15	0	104	0
282	15	96	104	0
283	10	0	104	0
284	10	96	104	0
285	5	0	104	0
286	5	96	104	0
287	0	0	104	0
288	0	96	104	0
289	40	0	102	0
290	40	96	102	0
291	35	0	102	0
292	35	96	102	0
293	30	0	102	0
294	30	96	102	0
295	25	0	102	0
296	25	96	102	0
297	20	0	102	0
298	20	96	102	0
299	15	0	102	0
300	15	96	102	0
301	10	0	102	0
302	10	95.9999999999999	102	0
303	5	0	102	0
304	5	95.9999999999999	102	0
305	0	0	102	0
306	0	96	102	0
307	40	0	100	0
308	40	96	100	0
309	35	0	100	0
310	35	96	100	0
311	30	0	100	0
312	30	96	100	0
313	25	0	100	0
314	25	96	100	0
315	20	0	100	0
316	20	96	100	0
317	15	0	100	0
318	15	96	100	0
319	10	0	100	0
320	10	96	100	0
321	5	0	100	0
322	5	96	100	0
323	0	0	100	0
324	0	96	100	0
325	40	0	98	0
326	40	96	98	0
327	35	0	98	0
328	35	96	98	0
329	30	0	98	0
330	30	96	98	0
331	25	0	98	0
332	25	96	98	0
333	20	0	98	0
334	20	96	98	0
335	15	0	98	0
336	15	96	98	0
337	10	0	98	0
338	10	96.0000000000001	98	0
339	5	0	98	0
340	5	96.0000000000001	98	0
341	0	0	98	0
342	0	96	98	0
343	40	0	96	0
344	40	96	96	0
345	35	0	96	0
346	35	96	96	0
347	30	0	96	0
348	30	96	96	0
349	25	0	96	0
350	25	96	96	0
351	20	0	96	0
352	20	96	96	0
353	15	0	96	0
354	15	96	96	0
355	10	0	96	0
356	10	96	96	0
357	5	0	96	0
358	5	96	96	0
359	0	0	96	0
360	0	96	96	0
361	40	0	94	0
362	40	96	94	0
363	35	0	94	0
364	35	96	94	0
365	30	0	94	0
366	30	96	94	0
367	25	0	94	0
368	25	96	94	0
369	20	0	94	0
370	20	96	94	0
371	15	0	94	0
372	15	96	94	0
373	10	0	94	0
374	10	96	94	0
375	5	0	94	0
376	5	96	94	0
377	0	0	94	0
378	0	96	94	0
379	40	0	92	0
380	40	96	92	0
381	35	0	92	0
382	35	96	92	0
383	30	0	92	0
384	30	96	92	0
385	25	0	92	0
386	25	96	92	0
387	20	0	92	0
388	20	96	92	0
389	15	0	92	0
390	15	96	92	0
391	10	0	92	0
392	10	96	92	0
393	5	0	92	0
394	5	95.9999999999999	92	0
395	0	0	92	0
396	0	96	92	0
397	40	0	220	0
398	40	96	220	0
399	35	0	220	0
400	35	96	220	0
401	30	0	220	0
402	30	96	220	0
403	25	0	220	0
404	25	96	220	0
405	20	0	220	0
406	20	96	220	0
407	15	0	220	0
408	15	96	220	0
409	10	0	220	0
410	10	96	220	0
411	5	0	220	0
412	5	96	220	0
413	0	0	220	0
414	0	96	220	0
415	40	97	90	0
416	40	98	90	0
417	40	99	90	0
418	40	100	90	0
419	40	101	90	0
420	40	102	90	0
421	40	103	90	0
422	40	104	90	0
423	40	105	90	0
424	40	106	90	0
425	35	97	90	0
426	35	98	90	0
427	35	99	90	0
428	35	100	90	0
429	35	101	90	0
430	35	102	90	0
431	35	103	90	0
432	35	104	90	0
433	35	105	90	0
434	35	106	90	0
435	30	97	90	0
436	30	98	90	0
437	30	99	90	0
438	30	100	90	0
439	30	101	90	0
440	30	102	90	0
441	30	103	90	0
442	30	104	90	0
443	30	105	90	0
444	30	106	90	0
445	25	97	90	0
446	25	98	90	0
447	25	99	90	0
448	25	100	90	0
449	25	101	90	0
450	25	102	90	0
451	25	103	90	0
452	25	104	90	0
453	25	105	90	0
454	25	106	90	0
455	20	97	90	0
456	20	98	90	0
457	20	99	90	0
458	20	100	90	0
459	20	101	90	0
460	20	102	90	0
461	20	103	90	0
462	20	104	90	0
463	20	105	90	0
464	20	106	90	0
465	15	97	90	0
466	15	98	90	0
467	15	99	90	0
468	15	100	90	0
469	15	101	90	0
470	15	102	90	0
471	15	103	90	0
472	15	104	90	0
473	15	105	90	0
474	15	106	90	0
475	10	97	90	0
476	10	98.0000000000001	90	0
477	10	99	90	0
478	10	100	90	0
479	10	101	90	0
480	10	102	90	0
481	10	103	90	0
482	10	104	90	0
483	10	105	90	0
484	10	106	90	0
485	5	96.9999999999999	90	0
486	5	98	90	0
487	5	99	90	0
488	5	100	90	0
489	5	101	90	0
490	5	102	90	0
491	5	103	90	0
492	5	104	90	0
493	5	105	90	0
494	5	106	90	0
495	0	97	90	0
496	0	98	90	0
497	0	99	90	0
498	0	100	90	0
499	0	101	90	0
500	0	102	90	0
501	0	103	90	0
502	0	104	90	0
503	0	105	90	0
504	0	106	90	0
505	40	97	0	0
506	40	98	0	0
507	40	99	0	0
508	40	100	0	0
509	40	101	0	0
510	40	102	0	0
511	40	103	0	0
512	40	104	0	0
513	40	105	0	0
514	40	106	0	0
515	35	97	0	0
516	35	98	0	0
517	35	99	0	0
518	35	100	0	0
519	35	101	0	0
520	35	102	0	0
521	35	103	0	0
522	35	104	0	0
523	35	105	0	0
524	35	106	0	0
525	30	97	0	0
526	30	98	0	0
527	30	99	0	0
528	30	100	0	0
529	30	101	0	0
530	30	102	0	0
531	30	103	0	0
532	30	104	0	0
533	30	105	0	0
534	30	106	0	0
535	25	97	0	0
536	25	98	0	0
537	25	99	0	0
538	25	100	0	0
539	25	101	0	0
540	25	102	0	0
541	25	103	0	0
542	25	104	0	0
543	25	105	0	0
544	25	106	0	0
545	20	97	0	0
546	20	98	0	0
547	20	99	0	0
548	20	100	0	0
549	20	101	0	0
550	20	102	0	0
551	20	103	0	0
552	20	104	0	0
553	20	105	0	0
554	20	106	0	0
555	15	97	0	0
556	15	98	0	0
557	15	99	0	0
558	15	100	0	0
559	15	101	0	0
560	15	102	0	0
561	15	103	0	0
562	15	104	0	0
563	15	105	0	0
564	15	106	0	0
565	10	97	0	0
566	10	98.0000000000001	0	0
567	10	99	0	0
568	10	100	0	0
569	10	101	0	0
570	10	102	0	0
571	10	103	0	0
572	10	104	0	0
573	10	105	0	0
574	10	106	0	0
575	5	96.9999999999999	0	0
576	5	98	0	0
577	5	99	0	0
578	5	100	0	0
579	5	101	0	0
580	5	102	0	0
581	5	103	0	0
582	5	104	0	0
583	5	105	0	0
584	5	106	0	0
585	0	97	0	0
586	0	98	0	0
587	0	99	0	0
588	0	100	0	0
589	0	101	0	0
590	0	102	0	0
591	0	103	0	0
592	0	104	0	0
593	0	105	0	0
594	0	106	0	0
595	40	97	130	0
596	40	98	130	0
597	40	99	130	0
598	40	100	130	0
599	40	101	130	0
600	40	102	130	0
601	40	103	130	0
602	40	104	130	0
603	40	105	130	0
604	40	106	130	0
605	35	97	130	0
606	35	98	130	0
607	35	99	130	0
608	35	100	130	0
609	35	101	130	0
610	35	102	130	0
611	35	103	130	0
612	35	104	130	0
613	35	105	130	0
614	35	106	130	0
615	30	97	130	0
616	30	98	130	0
617	30	99	130	0
618	30	100	130	0
619	30	101	130	0
620	30	102	130	0
621	30	103	130	0
622	30	104	130	0
623	30	105	130	0
624	30	106	130	0
625	25	97	130	0
626	25	98	130	0
627	25	99	130	0
628	25	100	130	0
629	25	101	130	0
630	25	102	130	0
631	25	103	130	0
632	25	104	130	0
633	25	105	130	0
634	25	106	130	0
635	20	97	130	0
636	20	98	130	0
637	20	99	130	0
638	20	100	130	0
639	20	101	130	0
640	20	102	130	0
641	20	103	130	0
642	20	104	130	0
643	20	105	130	0
644	20	106	130	0
645	15	97	130	0
646	15	98	130	0
647	15	99	130	0
648	15	100	130	0
649	15	101	130	0
650	15	102	130	0
651	15	103	130	0
652	15	104	130	0
653	15	105	130	0
654	15	106	130	0
655	10	97	130	0
656	10	98.0000000000001	130	0
657	10	99	130	0
658	10	100	130	0
659	10	101	130	0
660	10	102	130	0
661	10	103	130	0
662	10	104	130	0
663	10	105	130	0
664	10	106	130	0
665	5	96.9999999999999	130	0
666	5	98	130	0
667	5	99	130	0
668	5	100	130	0
669	5	101	130	0
670	5	102	130	0
671	5	103	130	0
672	5	104	130	0
673	5	105	130	0
674	5	106	130	0
675	0	97	130	0
676	0	98	130	0
677	0	99	130	0
678	0	100	130	0
679	0	101	130	0
680	0	102	130	0
681	0	103	130	0
682	0	104	130	0
683	0	105	130	0
684	0	106	130	0
685	40	97	128	0
686	40	98	128	0
687	40	99	128	0
688	40	99.9999999999999	128	0
689	40	101	128	0
690	40	102	128	0
691	40	103	128	0
692	40	104	128	0
693	40	105	128	0
694	40	106	128	0
695	35	97	128	0
696	35	98	128	0
697	35	99	128	0
698	35	100	128	0
699	35	101	128	0
700	35	102	128	0
701	35	103	128	0
702	35	104	128	0
703	35	105	128	0
704	35	106	128	0
705	30	97	128	0
706	30	98	128	0
707	30	99	128	0
708	30	100	128	0
709	30	101	128	0
710	30	102	128	0
711	30	103	128	0
712	30	104	128	0
713	30	105	128	0
714	30	106	128	0
715	25	97	128	0
716	25	98	128	0
717	25	99	128	0
718	25	99.9999999999999	128	0
719	25	101	128	0
720	25	102	128	0
721	25	103	128	0
722	25	104	128	0
723	25	105	128	0
724	25	106	128	0
725	20	97	128	0
726	20	98	128	0
727	20	98.9999999999999	128	0
728	20	100	128	0
729	20	101	128	0
730	20	102	128	0
731	20	103	128	0
732	20	104	128	0
733	20	105	128	0
734	20	106	128	0
735	15	97	128	0
736	15	98	128	0
737	15	99.0000000000001	128	0
738	15	100	128	0
739	15	101	128	0
740	15	102	128	0
741	15	103	128	0
742	15	104	128	0
743	15	105	128	0
744	15	106	128	0
745	10	97	128	0
746	10	98.0000000000001	128	0
747	10	99	128	0
748	10	100	128	0
749	10	101	128	0
750	10	102	128	0
751	10	103	128	0
752	10	104	128	0
753	10	105	128	0
754	10	106	128	0
755	5	97	128	0
756	5	98	128	0
757	5	99	128	0
758	5	100	128	0
759	5	101	128	0
760	5	102	128	0
761	5	103	128	0
762	5	104	128	0
763	5	105	128	0
764	5	106	128	0
765	0	97	128	0
766	0	98	128	0
767	0	99	128	0
768	0	99.9999999999999	128	0
769	0	101	128	0
770	0	102	128	0
771	0	103	128	0
772	0	104	128	0
773	0	105	128	0
774	0	106	128	0
775	40	97	126	0
776	40	97.9999999999999	126	0
777	40	99	126	0
778	40	100	126	0
779	40	101	126	0
780	40	102	126	0
781	40	103	126	0
782	40	104	126	0
783	40	105	126	0
784	40	106	126	0
785	35	97	126	0
786	35	98	126	0
787	35	99	126	0
788	35	100	126	0
789	35	101	126	0
790	35	102	126	0
791	35	103	126	0
792	35	104	126	0
793	35	105	126	0
794	35	106	126	0
795	30	97	126	0
796	30	98	126	0
797	30	99	126	0
798	30	100	126	0
799	30	101	126	0
800	30	102	126	0
801	30	103	126	0
802	30	104	126	0
803	30	105	126	0
804	30	106	126	0
805	25	97	126	0
806	25	98	126	0
807	25	99	126	0
808	25	100	126	0
809	25	101	126	0
810	25	102	126	0
811	25	103	126	0
812	25	104	126	0
813	25	105	126	0
814	25	106	126	0
815	20	97	126	0
816	20	98	126	0
817	20	98.9999999999999	126	0
818	20	100	126	0
819	20	101	126	0
820	20	102	126	0
821	20	103	126	0
822	20	104	126	0
823	20	105	126	0
824	20	106	126	0
825	15	97	126	0
826	15	98	126	0
827	15	99	126	0
828	15	100	126	0
829	15	101	126	0
830	15	102	126	0
831	15	103	126	0
832	15	104	126	0
833	15	105	126	0
834	15	106	126	0
835	9.99999999999999	97	126	0
836	10	98.0000000000001	126	0
837	9.99999999999999	99	126	0
838	10	100	126	0
839	10	101	126	0
840	10	102	126	0
841	10	103	126	0
842	9.99999999999999	104	126	0
843	10	105	126	0
844	10	106	126	0
845	5	96.9999999999999	126	0
846	5	98	126	0
847	5	99	126	0
848	5	100	126	0
849	5	101	126	0
850	5	102	126	0
851	5	103	126	0
852	5	104	126	0
853	5	105	126	0
854	5	106	126	0
855	0	97	126	0
856	0	97.9999999999999	126	0
857	0	99	126	0
858	0	100	126	0
859	0	101	126	0
860	0	102	126	0
861	0	103	126	0
862	0	104	126	0
863	0	105	126	0
864	0	106	126	0
865	40	97.0000000000001	124	0
866	40	97.9999999999999	124	0
867	40	99	124	0
868	40	100	124	0
869	40	101	124	0
870	40	102	124	0
871	40	103	124	0
872	40	104	124	0
873	40	105	124	0
874	40	106	124	0
875	35	97.0000000000001	124	0
876	35	97.9999999999999	124	0
877	35	99	124	0
878	35	100	124	0
879	35	101	124	0
880	35	102	124	0
881	35	103	124	0
882	35	104	124	0
883	35	105	124	0
884	35	106	124	0
885	30	97.0000000000001	124	0
886	30	97.9999999999999	124	0
887	30	99	124	0
888	30	100	124	0
889	30	101	124	0
890	30	102	124	0
891	30	103	124	0
892	30	104	124	0
893	30	105	124	0
894	30	106	124	0
895	25	97	124	0
896	25	97.9999999999999	124	0
897	25	99	124	0
898	25	100	124	0
899	25	101	124	0
900	25	102	124	0
901	25	103	124	0
902	25	104	124	0
903	25	105	124	0
904	25	106	124	0
905	20	97.0000000000001	124	0
906	20	97.9999999999999	124	0
907	20	98.9999999999999	124	0
908	20	100	124	0
909	20	101	124	0
910	20	102	124	0
911	20	103	124	0
912	20	104	124	0
913	20	105	124	0
914	20	106	124	0
915	15	97.0000000000001	124	0
916	15	97.9999999999999	124	0
917	15	99	124	0
918	15	100	124	0
919	15	101	124	0
920	15	102	124	0
921	15	103	124	0
922	15	104	124	0
923	15	105	124	0
924	15	106	124	0
925	10	97.0000000000001	124	0
926	10	98.0000000000001	124	0
927	10	99	124	0
928	10	100	124	0
929	10	101	124	0
930	10	102	124	0
931	10	103	124	0
932	10	104	124	0
933	10	105	124	0
934	10	106	124	0
935	5	97	124	0
936	5	97.9999999999999	124	0
937	5	99	124	0
938	5	100	124	0
939	5	101	124	0
940	5	102	124	0
941	5	103	124	0
942	5	104	124	0
943	5	105	124	0
944	5	106	124	0
945	0	97.0000000000001	124	0
946	0	97.9999999999999	124	0
947	0	99	124	0
948	0	100	124	0
949	0	101	124	0
950	0	102	124	0
951	0	103	124	0
952	0	104	124	0
953	0	105	124	0
954	0	106	124	0
955	40	97	122	0
956	40	97.9999999999999	122	0
957	40	99	122	0
958	40	100	122	0
959	40	101	122	0
960	40	102	122	0
961	40	103	122	0
962	40	104	122	0
963	40	105	122	0
964	40	106	122	0
965	35	97	122	0
966	35	97.9999999999999	122	0
967	35	99	122	0
968	35	100	122	0
969	35	101	122	0
970	35	102	122	0
971	35	103	122	0
972	35	104	122	0
973	35	105	122	0
974	35	106	122	0
975	30	97	122	0
976	30	97.9999999999999	122	0
977	30	99	122	0
978	30	100	122	0
979	30	101	122	0
980	30	102	122	0
981	30	103	122	0
982	30	104	122	0
983	30	105	122	0
984	30	106	122	0
985	25	97	122	0
986	25	97.9999999999999	122	0
987	25	99	122	0
988	25	100	122	0
989	25	101	122	0
990	25	102	122	0
991	25	103	122	0
992	25	104	122	0
993	25	105	122	0
994	25	106	122	0
995	20	97	122	0
996	20	97.9999999999999	122	0
997	20	98.9999999999999	122	0
998	20	100	122	0
999	20	101	122	0
1000	20	102	122	0
1001	20	103	122	0
1002	20	104	122	0
1003	20	105	122	0
1004	20	106	122	0
1005	15	97	122	0
1006	15	97.9999999999999	122	0
1007	15	99	122	0
1008	15	100	122	0
1009	15	101	122	0
1010	15	102	122	0
1011	15	103	122	0
1012	15	104	122	0
1013	15	105	122	0
1014	15	106	122	0
1015	10	97	122	0
1016	10	98.0000000000001	122	0
1017	10	99	122	0
1018	10	100	122	0
1019	10	101	122	0
1020	10	102	122	0
1021	10	103	122	0
1022	10	104	122	0
1023	10	105	122	0
1024	10	106	122	0
1025	5	96.9999999999999	122	0
1026	5	97.9999999999999	122	0
1027	5	99	122	0
1028	5	100	122	0
1029	5	101	122	0
1030	5	102	122	0
1031	5	103	122	0
1032	5	104	122	0
1033	5	105	122	0
1034	5	106	122	0
1035	0	97	122	0
1036	0	97.9999999999999	122	0
1037	0	99	122	0
1038	0	100	122	0
1039	0	101	122	0
1040	0	102	122	0
1041	0	103	122	0
1042	0	104	122	0
1043	0	105	122	0
1044	0	106	122	0
1045	40	97	120	0
1046	40	97.9999999999999	120	0
1047	40	99	120	0
1048	40	100	120	0
1049	40	101	120	0
1050	40	102	120	0
1051	40	103	120	0
1052	40	104	120	0
1053	40	105	120	0
1054	40	106	120	0
1055	35	97.0000000000001	120	0
1056	35	97.9999999999999	120	0
1057	35	99	120	0
1058	35	100	120	0
1059	35	101	120	0
1060	35	102	120	0
1061	35	103	120	0
1062	35	104	120	0
1063	35	105	120	0
1064	35	106	120	0
1065	30	97.0000000000001	120	0
1066	30	97.9999999999999	120	0
1067	30	99	120	0
1068	30	100	120	0
1069	30	101	120	0
1070	30	102	120	0
1071	30	103	120	0
1072	30	104	120	0
1073	30	105	120	0
1074	30	106	120	0
1075	25	97.0000000000001	120	0
1076	25	97.9999999999999	120	0
1077	25	99	120	0
1078	25	100	120	0
1079	25	101	120	0
1080	25	102	120	0
1081	25	103	120	0
1082	25	104	120	0
1083	25	105	120	0
1084	25	106	120	0
1085	20	97.0000000000001	120	0
1086	20	97.9999999999999	120	0
1087	20	98.9999999999999	120	0
1088	20	100	120	0
1089	20	101	120	0
1090	20	102	120	0
1091	20	103	120	0
1092	20	104	120	0
1093	20	105	120	0
1094	20	106	120	0
1095	15	97.0000000000001	120	0
1096	15	97.9999999999999	120	0
1097	15	99	120	0
1098	15	100	120	0
1099	15	101	120	0
1100	15	102	120	0
1101	15	103	120	0
1102	15	104	120	0
1103	15	105	120	0
1104	15	106	120	0
1105	10	97	120	0
1106	10	98	120	0
1107	10	99	120	0
1108	10	100	120	0
1109	10	101	120	0
1110	10	102	120	0
1111	10	103	120	0
1112	10	104	120	0
1113	10	105	120	0
1114	10	106	120	0
1115	5	97	120	0
1116	5	97.9999999999999	120	0
1117	5	99	120	0
1118	5	100	120	0
1119	5	101	120	0
1120	5	102	120	0
1121	5	103	120	0
1122	5	104	120	0
1123	5	105	120	0
1124	5	106	120	0
1125	0	97	120	0
1126	0	97.9999999999999	120	0
1127	0	99	120	0
1128	0	100	120	0
1129	0	101	120	0
1130	0	102	120	0
1131	0	103	120	0
1132	0	104	120	0
1133	0	105	120	0
1134	0	106	120	0
1135	40	97	118	0
1136	40	97.9999999999999	118	0
1137	40	99	118	0
1138	40	100	118	0
1139	40	101	118	0
1140	40	102	118	0
1141	40	103	118	0
1142	40	104	118	0
1143	40	105	118	0
1144	40	106	118	0
1145	35	97	118	0
1146	35	98	118	0
1147	35	99	118	0
1148	35	100	118	0
1149	35	101	118	0
1150	35	102	118	0
1151	35	103	118	0
1152	35	104	118	0
1153	35	105	118	0
1154	35	106	118	0
1155	30	97	118	0
1156	30	98	118	0
1157	30	99	118	0
1158	30	100	118	0
1159	30	101	118	0
1160	30	102	118	0
1161	30	103	118	0
1162	30	104	118	0
1163	30	105	118	0
1164	30	106	118	0
1165	25	97	118	0
1166	25	98	118	0
1167	25	99	118	0
1168	25	100	118	0
1169	25	101	118	0
1170	25	102	118	0
1171	25	103	118	0
1172	25	104	118	0
1173	25	105	118	0
1174	25	106	118	0
1175	20	97	118	0
1176	20	98	118	0
1177	20	98.9999999999999	118	0
1178	20	100	118	0
1179	20	101	118	0
1180	20	102	118	0
1181	20	103	118	0
1182	20	104	118	0
1183	20	105	118	0
1184	20	106	118	0
1185	15	97	118	0
1186	15	98	118	0
1187	15	99	118	0
1188	15	100	118	0
1189	15	101	118	0
1190	15	102	118	0
1191	15	103	118	0
1192	15	104	118	0
1193	15	105	118	0
1194	15	106	118	0
1195	10	97	118	0
1196	10	98.0000000000001	118	0
1197	10	99	118	0
1198	10	100	118	0
1199	10	101	118	0
1200	10	102	118	0
1201	10	103	118	0
1202	10	104	118	0
1203	10	105	118	0
1204	10	106	118	0
1205	5	96.9999999999999	118	0
1206	5	98	118	0
1207	5	99	118	0
1208	5	100	118	0
1209	5	101	118	0
1210	5	102	118	0
1211	5	103	118	0
1212	5	104	118	0
1213	5	105	118	0
1214	5	106	118	0
1215	0	97	118	0
1216	0	97.9999999999999	118	0
1217	0	99	118	0
1218	0	100	118	0
1219	0	101	118	0
1220	0	102	118	0
1221	0	103	118	0
1222	0	104	118	0
1223	0	105	118	0
1224	0	106	118	0
1225	40	97	116	0
1226	40	97.9999999999999	116	0
1227	40	99	116	0
1228	40	100	116	0
1229	40	101	116	0
1230	40	102	116	0
1231	40	103	116	0
1232	40	104	116	0
1233	40	105	116	0
1234	40	106	116	0
1235	35	97	116	0
1236	35	97.9999999999999	116	0
1237	35	99	116	0
1238	35	100	116	0
1239	35	101	116	0
1240	35	102	116	0
1241	35	103	116	0
1242	35	104	116	0
1243	35	105	116	0
1244	35	106	116	0
1245	30	97	116	0
1246	30	97.9999999999999	116	0
1247	30	99	116	0
1248	30	100	116	0
1249	30	101	116	0
1250	30	102	116	0
1251	30	103	116	0
1252	30	104	116	0
1253	30	105	116	0
1254	30	106	116	0
1255	25	97	116	0
1256	25	97.9999999999999	116	0
1257	25	99	116	0
1258	25	100	116	0
1259	25	101	116	0
1260	25	102	116	0
1261	25	103	116	0
1262	25	104	116	0
1263	25	105	116	0
1264	25	106	116	0
1265	20	97	116	0
1266	20	97.9999999999999	116	0
1267	20	98.9999999999999	116	0
1268	20	100	116	0
1269	20	101	116	0
1270	20	102	116	0
1271	20	103	116	0
1272	20	104	116	0
1273	20	105	116	0
1274	20	106	116	0
1275	15	97	116	0
1276	15	97.9999999999999	116	0
1277	15	99	116	0
1278	15	100	116	0
1279	15	101	116	0
1280	15	102	116	0
1281	15	103	116	0
1282	15	104	116	0
1283	15	105	116	0
1284	15	106	116	0
1285	10	97	116	0
1286	10	98	116	0
1287	10	99	116	0
1288	10	100	116	0
1289	10	101	116	0
1290	10	102	116	0
1291	10	103	116	0
1292	10	104	116	0
1293	10	105	116	0
1294	10	106	116	0
1295	5	97	116	0
1296	5	97.9999999999999	116	0
1297	5	99	116	0
1298	5	100	116	0
1299	5	101	116	0
1300	5	102	116	0
1301	5	103	116	0
1302	5	104	116	0
1303	5	105	116	0
1304	5	106	116	0
1305	0	97	116	0
1306	0	97.9999999999999	116	0
1307	0	99	116	0
1308	0	100	116	0
1309	0	101	116	0
1310	0	102	116	0
1311	0	103	116	0
1312	0	104	116	0
1313	0	105	116	0
1314	0	106	116	0
1315	40	97	114	0
1316	40	98	114	0
1317	40	99	114	0
1318	40	100	114	0
1319	40	101	114	0
1320	40	102	114	0
1321	40	103	114	0
1322	40	104	114	0
1323	40	105	114	0
1324	40	106	114	0
1325	35	97	114	0
1326	35	98	114	0
1327	35	99	114	0
1328	35	100	114	0
1329	35	101	114	0
1330	35	102	114	0
1331	35	103	114	0
1332	35	104	114	0
1333	35	105	114	0
1334	35	106	114	0
1335	30	97	114	0
1336	30	98	114	0
1337	30	99	114	0
1338	30	100	114	0
1339	30	101	114	0
1340	30	102	114	0
1341	30	103	114	0
1342	30	104	114	0
1343	30	105	114	0
1344	30	106	114	0
1345	25	97	114	0
1346	25	97.9999999999999	114	0
1347	25	99	114	0
1348	25	100	114	0
1349	25	101	114	0
1350	25	102	114	0
1351	25	103	114	0
1352	25	104	114	0
1353	25	105	114	0
1354	25	106	114	0
1355	20	97	114	0
1356	20	98	114	0
1357	20	98.9999999999999	114	0
1358	20	100	114	0
1359	20	101	114	0
1360	20	102	114	0
1361	20	103	114	0
1362	20	104	114	0
1363	20	105	114	0
1364	20	106	114	0
1365	15	97	114	0
1366	15	98	114	0
1367	15	99	114	0
1368	15	100	114	0
1369	15	101	114	0
1370	15	102	114	0
1371	15	103	114	0
1372	15	104	114	0
1373	15	105	114	0
1374	15	106	114	0
1375	10	97	114	0
1376	10	98	114	0
1377	10	99	114	0
1378	10	100	114	0
1379	10	101	114	0
1380	10	102	114	0
1381	10	103	114	0
1382	10	104	114	0
1383	10	105	114	0
1384	10	106	114	0
1385	5	96.9999999999999	114	0
1386	5	98	114	0
1387	5	99	114	0
1388	5	100	114	0
1389	5	101	114	0
1390	5	102	114	0
1391	5	103	114	0
1392	5	104	114	0
1393	5	105	114	0
1394	5	106	114	0
1395	0	97	114	0
1396	0	98	114	0
1397	0	99	114	0
1398	0	100	114	0
1399	0	101	114	0
1400	0	102	114	0
1401	0	103	114	0
1402	0	104	114	0
1403	0	105	114	0
1404	0	106	114	0
1405	40	97.0000000000001	112	0
1406	40	97.9999999999999	112	0
1407	40	99	112	0
1408	40	100	112	0
1409	40	101	112	0
1410	40	102	112	0
1411	40	103	112	0
1412	40	104	112	0
1413	40	105	112	0
1414	40	106	112	0
1415	35	97	112	0
1416	35	97.9999999999999	112	0
1417	35	99	112	0
1418	35	100	112	0
1419	35	101	112	0
1420	35	102	112	0
1421	35	103	112	0
1422	35	104	112	0
1423	35	105	112	0
1424	35	106	112	0
1425	30	97.0000000000001	112	0
1426	30	98	112	0
1427	30	99	112	0
1428	30	100	112	0
1429	30	101	112	0
1430	30	102	112	0
1431	30	103	112	0
1432	30	104	112	0
1433	30	105	112	0
1434	30	106	112	0
1435	25	97.0000000000001	112	0
1436	25	97.9999999999999	112	0
1437	25	99	112	0
1438	25	100	112	0
1439	25	101	112	0
1440	25	102	112	0
1441	25	103	112	0
1442	25	104	112	0
1443	25	105	112	0
1444	25	106	112	0
1445	20	97.0000000000001	112	0
1446	20	97.9999999999999	112	0
1447	20	98.9999999999999	112	0
1448	20	100	112	0
1449	20	101	112	0
1450	20	102	112	0
1451	20	103	112	0
1452	20	104	112	0
1453	20	105	112	0
1454	20	106	112	0
1455	15	97.0000000000001	112	0
1456	15	97.9999999999999	112	0
1457	15	99	112	0
1458	15	100	112	0
1459	15	101	112	0
1460	15	102	112	0
1461	15	103	112	0
1462	15	104	112	0
1463	15	105	112	0
1464	15	106	112	0
1465	10	97.0000000000001	112	0
1466	10	98	112	0
1467	10	99	112	0
1468	10	100	112	0
1469	10	101	112	0
1470	10	102	112	0
1471	10	103	112	0
1472	10	104	112	0
1473	10	105	112	0
1474	10	106	112	0
1475	5	97	112	0
1476	5	97.9999999999999	112	0
1477	5	99	112	0
1478	5	100	112	0
1479	5	101	112	0
1480	5	102	112	0
1481	5	103	112	0
1482	5	104	112	0
1483	5	105	112	0
1484	5	106	112	0
1485	0	97.0000000000001	112	0
1486	0	97.9999999999999	112	0
1487	0	99	112	0
1488	0	100	112	0
1489	0	101	112	0
1490	0	102	112	0
1491	0	103	112	0
1492	0	104	112	0
1493	0	105	112	0
1494	0	106	112	0
1495	40	97	110	0
1496	40	97.9999999999999	110	0
1497	40	99.0000000000001	110	0
1498	40	100	110	0
1499	40	101	110	0
1500	40	102	110	0
1501	40	103	110	0
1502	40	104	110	0
1503	40	105	110	0
1504	40	106	110	0
1505	35	97	110	0
1506	35	97.9999999999999	110	0
1507	35	99	110	0
1508	35	100	110	0
1509	35	101	110	0
1510	35	102	110	0
1511	35	103	110	0
1512	35	104	110	0
1513	35	105	110	0
1514	35	106	110	0
1515	30	97	110	0
1516	30	97.9999999999999	110	0
1517	30	99	110	0
1518	30	100	110	0
1519	30	101	110	0
1520	30	102	110	0
1521	30	103	110	0
1522	30	104	110	0
1523	30	105	110	0
1524	30	106	110	0
1525	25	97	110	0
1526	25	97.9999999999999	110	0
1527	25	99	110	0
1528	25	100	110	0
1529	25	101	110	0
1530	25	102	110	0
1531	25	103	110	0
1532	25	104	110	0
1533	25	105	110	0
1534	25	106	110	0
1535	20	97	110	0
1536	20	97.9999999999999	110	0
1537	20	98.9999999999999	110	0
1538	20	100	110	0
1539	20	101	110	0
1540	20	102	110	0
1541	20	103	110	0
1542	20	104	110	0
1543	20	105	110	0
1544	20	106	110	0
1545	15	97	110	0
1546	15	97.9999999999999	110	0
1547	15	99	110	0
1548	15	100	110	0
1549	15	101	110	0
1550	15	102	110	0
1551	15	103	110	0
1552	15	104	110	0
1553	15	105	110	0
1554	15	106	110	0
1555	10	97	110	0
1556	10	98	110	0
1557	10	99	110	0
1558	10	100	110	0
1559	10	101	110	0
1560	10	102	110	0
1561	10	103	110	0
1562	10	104	110	0
1563	10	105	110	0
1564	10	106	110	0
1565	5	97	110	0
1566	5	98	110	0
1567	5	99	110	0
1568	5	100	110	0
1569	5	101	110	0
1570	5	102	110	0
1571	5	103	110	0
1572	5	104	110	0
1573	5	105	110	0
1574	5	106	110	0
1575	0	97	110	0
1576	0	97.9999999999999	110	0
1577	0	99.0000000000001	110	0
1578	0	100	110	0
1579	0	101	110	0
1580	0	102	110	0
1581	0	103	110	0
1582	0	104	110	0
1583	0	105	110	0
1584	0	106	110	0
1585	40	97.0000000000001	108	0
1586	40	97.9999999999999	108	0
1587	40	99	108	0
1588	40	100	108	0
1589	40	101	108	0
1590	40	102	108	0
1591	40	103	108	0
1592	40	104	108	0
1593	40	105	108	0
1594	40	106	108	0
1595	35	97.0000000000001	108	0
1596	35	97.9999999999999	108	0
1597	35	99	108	0
1598	35	100	108	0
1599	35	101	108	0
1600	35	102	108	0
1601	35	103	108	0
1602	35	104	108	0
1603	35	105	108	0
1604	35	106	108	0
1605	30	97.0000000000001	108	0
1606	30	97.9999999999999	108	0
1607	30	99	108	0
1608	30	100	108	0
1609	30	101	108	0
1610	30	102	108	0
1611	30	103	108	0
1612	30	104	108	0
1613	30	105	108	0
1614	30	106	108	0
1615	25	97.0000000000001	108	0
1616	25	97.9999999999999	108	0
1617	25	99	108	0
1618	25	100	108	0
1619	25	101	108	0
1620	25	102	108	0
1621	25	103	108	0
1622	25	104	108	0
1623	25	105	108	0
1624	25	106	108	0
1625	20	97.0000000000001	108	0
1626	20	97.9999999999999	108	0
1627	20	98.9999999999999	108	0
1628	20	100	108	0
1629	20	101	108	0
1630	20	102	108	0
1631	20	103	108	0
1632	20	104	108	0
1633	20	105	108	0
1634	20	106	108	0
1635	15	97.0000000000001	108	0
1636	15	97.9999999999999	108	0
1637	15	99	108	0
1638	15	100	108	0
1639	15	101	108	0
1640	15	102	108	0
1641	15	103	108	0
1642	15	104	108	0
1643	15	105	108	0
1644	15	106	108	0
1645	10	97.0000000000001	108	0
1646	10	98	108	0
1647	10	99	108	0
1648	10	100	108	0
1649	10	101	108	0
1650	10	102	108	0
1651	10	103	108	0
1652	10	104	108	0
1653	10	105	108	0
1654	10	106	108	0
1655	5	97	108	0
1656	5	98	108	0
1657	5	99	108	0
1658	5	100	108	0
1659	5	101	108	0
1660	5	102	108	0
1661	5	103	108	0
1662	5	104	108	0
1663	5	105	108	0
1664	5	106	108	0
1665	0	97.0000000000001	108	0
1666	0	97.9999999999999	108	0
1667	0	99	108	0
1668	0	100	108	0
1669	0	101	108	0
1670	0	102	108	0
1671	0	103	108	0
1672	0	104	108	0
1673	0	105	108	0
1674	0	106	108	0
1675	40	97	106	0
1676	40	97.9999999999999	106	0
1677	40	99	106	0
1678	40	100	106	0
1679	40	101	106	0
1680	40	102	106	0
1681	40	103	106	0
1682	40	104	106	0
1683	40	105	106	0
1684	40	106	106	0
1685	35	97	106	0
1686	35	97.9999999999999	106	0
1687	35	98.9999999999999	106	0
1688	35	100	106	0
1689	35	101	106	0
1690	35	102	106	0
1691	35	103	106	0
1692	35	104	106	0
1693	35	105	106	0
1694	35	106	106	0
1695	30	97	106	0
1696	30	97.9999999999999	106	0
1697	30	98.9999999999999	106	0
1698	30	100	106	0
1699	30	101	106	0
1700	30	102	106	0
1701	30	103	106	0
1702	30	104	106	0
1703	30	105	106	0
1704	30	106	106	0
1705	25	96.9999999999999	106	0
1706	25	97.9999999999999	106	0
1707	25	98.9999999999999	106	0
1708	25	100	106	0
1709	25	101	106	0
1710	25	102	106	0
1711	25	103	106	0
1712	25	104	106	0
1713	25	105	106	0
1714	25	106	106	0
1715	20	97	106	0
1716	20	97.9999999999999	106	0
1717	20	98.9999999999998	106	0
1718	20	100	106	0
1719	20	101	106	0
1720	20	102	106	0
1721	20	103	106	0
1722	20	104	106	0
1723	20	105	106	0
1724	20	106	106	0
1725	15	97	106	0
1726	15	97.9999999999999	106	0
1727	15	98.9999999999999	106	0
1728	15	100	106	0
1729	15	101	106	0
1730	15	102	106	0
1731	15	103	106	0
1732	15	104	106	0
1733	15	105	106	0
1734	15	106	106	0
1735	10	97	106	0
1736	10	98	106	0
1737	10	98.9999999999999	106	0
1738	10	100	106	0
1739	10	101	106	0
1740	10	102	106	0
1741	10	103	106	0
1742	10	104	106	0
1743	10	105	106	0
1744	10	106	106	0
1745	5	96.9999999999999	106	0
1746	5	98	106	0
1747	5	98.9999999999999	106	0
1748	5	100	106	0
1749	5	101	106	0
1750	5	102	106	0
1751	5	103	106	0
1752	5	104	106	0
1753	5	105	106	0
1754	5	106	106	0
1755	0	97	106	0
1756	0	98	106	0
1757	0	99	106	0
1758	0	100	106	0
1759	0	101	106	0
1760	0	102	106	0
1761	0	103	106	0
1762	0	104	106	0
1763	0	105	106	0
1764	0	106	106	0
1765	40	97.0000000000001	104	0
1766	40	98	104	0
1767	40	99	104	0
1768	40	100	104	0
1769	40	101	104	0
1770	40	102	104	0
1771	40	103	104	0
1772	40	104	104	0
1773	40	105	104	0
1774	40	106	104	0
1775	35	97	104	0
1776	35	97.9999999999999	104	0
1777	35	99	104	0
1778	35	100	104	0
1779	35	101	104	0
1780	35	102	104	0
1781	35	103	104	0
1782	35	104	104	0
1783	35	105	104	0
1784	35	106	104	0
1785	30	97.0000000000001	104	0
1786	30	97.9999999999999	104	0
1787	30	99	104	0
1788	30	100	104	0
1789	30	101	104	0
1790	30	102	104	0
1791	30	103	104	0
1792	30	104	104	0
1793	30	105	104	0
1794	30	106	104	0
1795	25	97.0000000000001	104	0
1796	25	97.9999999999999	104	0
1797	25	99	104	0
1798	25	100	104	0
1799	25	101	104	0
1800	25	102	104	0
1801	25	103	104	0
1802	25	104	104	0
1803	25	105	104	0
1804	25	106	104	0
1805	20	97.0000000000001	104	0
1806	20	97.9999999999999	104	0
1807	20	98.9999999999999	104	0
1808	20	100	104	0
1809	20	101	104	0
1810	20	102	104	0
1811	20	103	104	0
1812	20	104	104	0
1813	20	105	104	0
1814	20	106	104	0
1815	15	97	104	0
1816	15	97.9999999999999	104	0
1817	15	99	104	0
1818	15	100	104	0
1819	15	101	104	0
1820	15	102	104	0
1821	15	103	104	0
1822	15	104	104	0
1823	15	105	104	0
1824	15	106	104	0
1825	10	97	104	0
1826	10	98	104	0
1827	10	99	104	0
1828	10	100	104	0
1829	10	101	104	0
1830	10	102	104	0
1831	10	103	104	0
1832	10	104	104	0
1833	10	105	104	0
1834	10	106	104	0
1835	5	97	104	0
1836	5	97.9999999999999	104	0
1837	5	99	104	0
1838	5	100	104	0
1839	5	101	104	0
1840	5	102	104	0
1841	5	103	104	0
1842	5	104	104	0
1843	5	105	104	0
1844	5	106	104	0
1845	0	97.0000000000001	104	0
1846	0	98	104	0
1847	0	99	104	0
1848	0	100	104	0
1849	0	101	104	0
1850	0	102	104	0
1851	0	103	104	0
1852	0	104	104	0
1853	0	105	104	0
1854	0	106	104	0
1855	40	97	102	0
1856	40	98	102	0
1857	40	99	102	0
1858	40	100	102	0
1859	40	101	102	0
1860	40	102	102	0
1861	40	103	102	0
1862	40	104	102	0
1863	40	105	102	0
1864	40	106	102	0
1865	35	97	102	0
1866	35	98	102	0
1867	35	99	102	0
1868	35	100	102	0
1869	35	101	102	0
1870	35	102	102	0
1871	35	103	102	0
1872	35	104	102	0
1873	35	105	102	0
1874	35	106	102	0
1875	30	97	102	0
1876	30	98	102	0
1877	30	99	102	0
1878	30	100	102	0
1879	30	101	102	0
1880	30	102	102	0
1881	30	103	102	0
1882	30	104	102	0
1883	30	105	102	0
1884	30	106	102	0
1885	25	97	102	0
1886	25	98	102	0
1887	25	99	102	0
1888	25	100	102	0
1889	25	101	102	0
1890	25	102	102	0
1891	25	103	102	0
1892	25	104	102	0
1893	25	105	102	0
1894	25	106	102	0
1895	20	97	102	0
1896	20	98	102	0
1897	20	98.9999999999999	102	0
1898	20	100	102	0
1899	20	101	102	0
1900	20	102	102	0
1901	20	103	102	0
1902	20	104	102	0
1903	20	105	102	0
1904	20	106	102	0
1905	15	97	102	0
1906	15	98	102	0
1907	15	99	102	0
1908	15	100	102	0
1909	15	101	102	0
1910	15	102	102	0
1911	15	103	102	0
1912	15	104	102	0
1913	15	105	102	0
1914	15	106	102	0
1915	10	97	102	0
1916	10	98	102	0
1917	10	99	102	0
1918	10	100	102	0
1919	10	101	102	0
1920	10	102	102	0
1921	10	103	102	0
1922	10	104	102	0
1923	10	105	102	0
1924	10	106	102	0
1925	5	96.9999999999999	102	0
1926	5	98	102	0
1927	5	99	102	0
1928	5	100	102	0
1929	5	101	102	0
1930	5	102	102	0
1931	5	103	102	0
1932	5	104	102	0
1933	5	105	102	0
1934	5	106	102	0
1935	0	97	102	0
1936	0	98	102	0
1937	0	99	102	0
1938	0	100	102	0
1939	0	101	102	0
1940	0	102	102	0
1941	0	103	102	0
1942	0	104	102	0
1943	0	105	102	0
1944	0	106	102	0
1945	40	97	100	0
1946	40	98	100	0
1947	40	99	100	0
1948	40	100	100	0
1949	40	101	100	0
1950	40	102	100	0
1951	40	103	100	0
1952	40	104	100	0
1953	40	105	100	0
1954	40	106	100	0
1955	35	97	100	0
1956	35	98	100	0
1957	35	99	100	0
1958	35	100	100	0
1959	35	101	100	0
1960	35	102	100	0
1961	35	103	100	0
1962	35	104	100	0
1963	35	105	100	0
1964	35	106	100	0
1965	30	97	100	0
1966	30	98	100	0
1967	30	99	100	0
1968	30	100	100	0
1969	30	101	100	0
1970	30	102	100	0
1971	30	103	100	0
1972	30	104	100	0
1973	30	105	100	0
1974	30	106	100	0
1975	25	97	100	0
1976	25	98	100	0
1977	25	99	100	0
1978	25	100	100	0
1979	25	101	100	0
1980	25	102	100	0
1981	25	103	100	0
1982	25	104	100	0
1983	25	105	100	0
1984	25	106	100	0
1985	20	97	100	0
1986	20	98	100	0
1987	20	98.9999999999999	100	0
1988	20	100	100	0
1989	20	101	100	0
1990	20	102	100	0
1991	20	103	100	0
1992	20	104	100	0
1993	20	105	100	0
1994	20	106	100	0
1995	15	97	100	0
1996	15	98	100	0
1997	15	99	100	0
1998	15	100	100	0
1999	15	101	100	0
2000	15	102	100	0
2001	15	103	100	0
2002	15	104	100	0
2003	15	105	100	0
2004	15	106	100	0
2005	10	97	100	0
2006	10	98	100	0
2007	10	99	100	0
2008	10	100	100	0
2009	10	101	100	0
2010	10	102	100	0
2011	10	103	100	0
2012	10	104	100	0
2013	10	105	100	0
2014	10	106	100	0
2015	5	97	100	0
2016	5	98	100	0
2017	5	99	100	0
2018	5	100	100	0
2019	5	101	100	0
2020	5	102	100	0
2021	5	103	100	0
2022	5	104	100	0
2023	5	105	100	0
2024	5	106	100	0
2025	0	97	100	0
2026	0	98	100	0
2027	0	99	100	0
2028	0	100	100	0
2029	0	101	100	0
2030	0	102	100	0
2031	0	103	100	0
2032	0	104	100	0
2033	0	105	100	0
2034	0	106	100	0
2035	40	97	98	0
2036	40	98	98	0
2037	40	99	98	0
2038	40	100	98	0
2039	40	101	98	0
2040	40	102	98	0
2041	40	103	98	0
2042	40	104	98	0
2043	40	105	98	0
2044	40	106	98	0
2045	35	97	98	0
2046	35	98	98	0
2047	35	99	98	0
2048	35	100	97.9999999999999	0
2049	35	101	98	0
2050	35	102	98	0
2051	35	103	98	0
2052	35	104	98	0
2053	35	105	98	0
2054	35	106	98	0
2055	30	97	98	0
2056	30	98	98	0
2057	30	99	98	0
2058	30	100	97.9999999999999	0
2059	30	101	98	0
2060	30	102	98	0
2061	30	103	98	0
2062	30	104	98	0
2063	30	105	97.9999999999999	0
2064	30	106	98	0
2065	25	97	98	0
2066	25	98	98	0
2067	25	99	98	0
2068	25	100	98	0
2069	25	101	98	0
2070	25	102	98	0
2071	25	103	98	0
2072	25	104	98	0
2073	25	105	98	0
2074	25	106	98	0
2075	20	97	98	0
2076	20	98	98	0
2077	20	98.9999999999999	98	0
2078	20	100	98	0
2079	20	101	98	0
2080	20	102	98	0
2081	20	103	98	0
2082	20	104	98	0
2083	20	105	98	0
2084	20	106	98	0
2085	15	97	98	0
2086	15	98	98	0
2087	15	99	98	0
2088	15	100	98	0
2089	15	101	98	0
2090	15	102	98	0
2091	15	103	98	0
2092	15	104	98	0
2093	15	105	98	0
2094	15	106	98	0
2095	10	97	98	0
2096	10	98	98	0
2097	10	99	98	0
2098	10	100	98	0
2099	10	101	98	0
2100	10	102	97.9999999999999	0
2101	10	103	98	0
2102	10	104	98	0
2103	10	105	98	0
2104	10	106	98	0
2105	5	97	98	0
2106	5	98	98	0
2107	5	99	98	0
2108	5	100	98	0
2109	5	101	98	0
2110	5	102	98	0
2111	5	103	98	0
2112	5	104	98	0
2113	5	105	98	0
2114	5	106	98	0
2115	0	97	98	0
2116	0	98	98	0
2117	0	99	98	0
2118	0	100	98	0
2119	0	101	98	0
2120	0	102	98	0
2121	0	103	98	0
2122	0	104	98	0
2123	0	105	98	0
2124	0	106	98	0
2125	40	97	96	0
2126	40	98	96	0
2127	40	99	96	0
2128	40	100	96	0
2129	40	101	96	0
2130	40	102	96	0
2131	40	103	96	0
2132	40	104	96	0
2133	40	105	96	0
2134	40	106	96	0
2135	35	97	96	0
2136	35	98	96	0
2137	35	99	96	0
2138	35	100	96.0000000000001	0
2139	35	101	96	0
2140	35	102	95.9999999999999	0
2141	35	103	96	0
2142	35	104	96	0
2143	35	105	96.0000000000001	0
2144	35	106	96	0
2145	30	97	96	0
2146	30	98	96	0
2147	30	99	96	0
2148	30	100	96	0
2149	30	101	96	0
2150	30	102	96	0
2151	30	103	96	0
2152	30	104	96	0
2153	30	105	96	0
2154	30	106	96	0
2155	25	97	96	0
2156	25	98	96	0
2157	25	99	96	0
2158	25	100	96	0
2159	25	101	96	0
2160	25	102	96	0
2161	25	103	96	0
2162	25	104	96	0
2163	25	105	96	0
2164	25	106	96	0
2165	20	97	96	0
2166	20	98	96	0
2167	20	98.9999999999999	95.9999999999999	0
2168	20	100	96	0
2169	20	101	96	0
2170	20	102	96	0
2171	20	103	96	0
2172	20	104	96	0
2173	20	105	96	0
2174	20	106	96	0
2175	15	97	96	0
2176	15	98.0000000000001	96	0
2177	15	99	96	0
2178	15	100	96	0
2179	15	101	96	0
2180	15	102	96	0
2181	15	103	96	0
2182	15	104	96	0
2183	15	105	96	0
2184	15	106	96	0
2185	10	97	96	0
2186	10	98.0000000000001	96.0000000000001	0
2187	10	99	96	0
2188	10	100	96	0
2189	10	101	96	0
2190	10	102	96	0
2191	10	103	96	0
2192	10	104	96	0
2193	10	105	96	0
2194	10	106	96	0
2195	5	97	95.9999999999999	0
2196	5	98.0000000000001	96	0
2197	5	99	96	0
2198	5	100	96	0
2199	5	101	96	0
2200	5	102	96	0
2201	5	103	96	0
2202	5	104	96	0
2203	5	105	96	0
2204	5	106	96	0
2205	0	97	96	0
2206	0	98.0000000000001	96	0
2207	0	99	96	0
2208	0	100	96	0
2209	0	101	96	0
2210	0	102	96	0
2211	0	103	96	0
2212	0	104	96	0
2213	0	105	96	0
2214	0	106	96	0
2215	40	97	94	0
2216	40	98	94	0
2217	40	99	94	0
2218	40	100	94	0
2219	40	101	94	0
2220	40	102	94	0
2221	40	103	94	0
2222	40	104	94	0
2223	40	105	94	0
2224	40	106	94	0
2225	35	97	94.0000000000001	0
2226	35	98	94	0
2227	35	99	94	0
2228	35	100	94	0
2229	35	101	94	0
2230	35	102	94	0
2231	35	103	94	0
2232	35	104	94	0
2233	35	105	94	0
2234	35	106	94	0
2235	30	97	94.0000000000001	0
2236	30	98	94	0
2237	30	99.0000000000001	94	0
2238	30	100	94	0
2239	30	101	94	0
2240	30	102	94	0
2241	30	103	94.0000000000001	0
2242	30	104	93.9999999999999	0
2243	30	105	94	0
2244	30	106	94	0
2245	25	97	94	0
2246	25	98	94	0
2247	25	99.0000000000001	94	0
2248	25	100	94	0
2249	25	101	94	0
2250	25	102	94	0
2251	25	103	94	0
2252	25	104	94	0
2253	25	105	94	0
2254	25	106	94	0
2255	20	97	94	0
2256	20	98.0000000000001	94	0
2257	20	99	94	0
2258	20	100	94	0
2259	20	101	94	0
2260	20	102	94	0
2261	20	103	94	0
2262	20	104	94	0
2263	20	105	94	0
2264	20	106	94	0
2265	15	97	94	0
2266	15	98.0000000000001	94	0
2267	15	99	94	0
2268	15	100	94	0
2269	15	101	94	0
2270	15	102	94	0
2271	15	103	94	0
2272	15	104	94	0
2273	15	105	94	0
2274	15	106	94	0
2275	10	97	94	0
2276	10	98.0000000000001	94	0
2277	10	99	93.9999999999999	0
2278	10	100	94	0
2279	10	101	94	0
2280	10	102	94	0
2281	10	103	94	0
2282	10	104	94	0
2283	10	105	94	0
2284	10	106	94	0
2285	5	96.9999999999999	94	0
2286	5	98.0000000000001	94	0
2287	5	99	94	0
2288	5	100	94.0000000000001	0
2289	5	101	94	0
2290	5	102	93.9999999999999	0
2291	5	103	94	0
2292	5	104	94	0
2293	5	105	94	0
2294	5	106	94	0
2295	0	97	94	0
2296	0	98.0000000000001	94	0
2297	0	99	94	0
2298	0	100	94	0
2299	0	101	94	0
2300	0	102	94	0
2301	0	103	94	0
2302	0	104	94	0
2303	0	105	94	0
2304	0	106	94	0
2305	40	97.0000000000001	92	0
2306	40	98	92	0
2307	40	99.0000000000001	92	0
2308	40	100	92	0
2309	40	101	92	0
2310	40	102	92	0
2311	40	103	92	0
2312	40	104	92	0
2313	40	105	92	0
2314	40	106	92	0
2315	35	97.0000000000001	92	0
2316	35	98	92	0
2317	35	99	92	0
2318	35	100	92	0
2319	35	101	92	0
2320	35	102	92	0
2321	35	103	92	0
2322	35	104	91.9999999999999	0
2323	35	105	92	0
2324	35	106	92	0
2325	30	97.0000000000001	92	0
2326	30	98	92	0
2327	30	99	92	0
2328	30	100	92	0
2329	30	101	92	0
2330	30	102	92	0
2331	30	103	92	0
2332	30	104	92	0
2333	30	105	92	0
2334	30	106	92	0
2335	25	97	92	0
2336	25	98	92	0
2337	25	99	92	0
2338	25	100	92	0
2339	25	101	92	0
2340	25	102	92	0
2341	25	103	92	0
2342	25	104	92	0
2343	25	105	92	0
2344	25	106	92	0
2345	20	97	92	0
2346	20	98.0000000000001	92	0
2347	20	98.9999999999999	92	0
2348	20	100	92	0
2349	20	101	92	0
2350	20	102	92	0
2351	20	103	92	0
2352	20	104	92	0
2353	20	105	92	0
2354	20	106	92	0
2355	15	97	92	0
2356	15	98	92	0
2357	15	99	92	0
2358	15	100	92	0
2359	15	101	92	0
2360	15	102	92	0
2361	15	103	92	0
2362	15	104	92	0
2363	15	105	92	0
2364	15	106	92	0
2365	10	97	92.0000000000001	0
2366	10	98.0000000000001	92	0
2367	10	99	92	0
2368	10	100	92	0
2369	10	101	92	0
2370	10	102	92	0
2371	10	103	92	0
2372	10	104	92	0
2373	10	105	92	0
2374	10	106	92	0
2375	5	97	92	0
2376	5	98	92	0
2377	5	99	92	0
2378	5	100	92	0
2379	5	101	92	0
2380	5	102	92	0
2381	5	103	91.9999999999999	0
2382	5	104	92	0
2383	5	105	92	0
2384	5	106	92	0
2385	0	97	92	0
2386	0	98	92	0
2387	0	99.0000000000001	92	0
2388	0	100	92	0
2389	0	101	92	0
2390	0	102	92	0
2391	0	103	92	0
2392	0	104	92	0
2393	0	105	92	0
2394	0	106	92	0
2395	40	97	220	0
2396	40	98	220	0
2397	40	99	220	0
2398	40	100	220	0
2399	40	101	220	0
2400	40	102	220	0
2401	40	103	220	0
2402	40	104	220	0
2403	40	105	220	0
2404	40	106	220	0
2405	35	97	220	0
2406	35	98	220	0
2407	35	99	220	0
2408	35	100	220	0
2409	35	101	220	0
2410	35	102	220	0
2411	35	103	220	0
2412	35	104	220	0
2413	35	105	220	0
2414	35	106	220	0
2415	30	97	220	0
2416	30	98	220	0
2417	30	99	220	0
2418	30	100	220	0
2419	30	101	220	0
2420	30	102	220	0
2421	30	103	220	0
2422	30	104	220	0
2423	30	105	220	0
2424	30	106	220	0
2425	25	97	220	0
2426	25	98	220	0
2427	25	99	220	0
2428	25	100	220	0
2429	25	101	220	0
2430	25	102	220	0
2431	25	103	220	0
2432	25	104	220	0
2433	25	105	220	0
2434	25	106	220	0
2435	20	97	220	0
2436	20	98	220	0
2437	20	99	220	0
2438	20	100	220	0
2439	20	101	220	0
2440	20	102	220	0
2441	20	103	220	0
2442	20	104	220	0
2443	20	105	220	0
2444	20	106	220	0
2445	15	97	220	0
2446	15	98	220	0
2447	15	99	220	0
2448	15	100	220	0
2449	15	101	220	0
2450	15	102	220	0
2451	15	103	220	0
2452	15	104	220	0
2453	15	105	220	0
2454	15	106	220	0
2455	10	97	220	0
2456	10	98.0000000000001	220	0
2457	10	99	220	0
2458	10	100	220	0
2459	10	101	220	0
2460	10	102	220	0
2461	10	103	220	0
2462	10	104	220	0
2463	10	105	220	0
2464	10	106	220	0
2465	5	96.9999999999999	220	0
2466	5	98	220	0
2467	5	99	220	0
2468	5	100	220	0
2469	5	101	220	0
2470	5	102	220	0
2471	5	103	220	0
2472	5	104	220	0
2473	5	105	220	0
2474	5	106	220	0
2475	0	97	220	0
2476	0	98	220	0
2477	0	99	220	0
2478	0	100	220	0
2479	0	101	220	0
2480	0	102	220	0
2481	0	103	220	0
2482	0	104	220	0
2483	0	105	220	0
2484	0	106	220	0
2485	40	202	90	0
2486	35	202	90	0
2487	30	202	90	0
2488	25	202	90	0
2489	20	202	90	0
2490	15	202	90	0
2491	10	202	90	0
2492	5	202	90	0
2493	0	202	90	0
2494	40	202	0	0
2495	35	202	0	0
2496	30	202	0	0
2497	25	202	0	0
2498	20	202	0	0
2499	15	202	0	0
2500	10	202	0	0
2501	5	202	0	0
2502	0	202	0	0
2503	40	202	130	0
2504	35	202	130	0
2505	30	202	130	0
2506	25	202	130	0
2507	20	202	130	0
2508	15	202	130	0
2509	10	202	130	0
2510	5	202	130	0
2511	0	202	130	0
2512	40	202	128	0
2513	35	202	128	0
2514	30	202	128	0
2515	25	202	128	0
2516	20	202	128	0
2517	15	202	128	0
2518	10	202	128	0
2519	5	202	128	0
2520	0	202	128	0
2521	40	202	126	0
2522	35	202	126	0
2523	30	202	126	0
2524	25	202	126	0
2525	20	202	126	0
2526	15	202	126	0
2527	10	202	126	0
2528	5	202	126	0
2529	0	202	126	0
2530	40	202	124	0
2531	35	202	124	0
2532	30	202	124	0
2533	25	202	124	0
2534	20	202	124	0
2535	15	202	124	0
2536	10	202	124	0
2537	5	202	124	0
2538	0	202	124	0
2539	40	202	122	0
2540	35	202	122	0
2541	30	202	122	0
2542	25	202	122	0
2543	20	202	122	0
2544	15	202	122	0
2545	10	202	122	0
2546	5	202	122	0
2547	0	202	122	0
2548	40	202	120	0
2549	35	202	120	0
2550	30	202	120	0
2551	25	202	120	0
2552	20	202	120	0
2553	15	202	120	0
2554	10	202	120	0
2555	5	202	120	0
2556	0	202	120	0
2557	40	202	118	0
2558	35	202	118	0
2559	30	202	118	0
2560	25	202	118	0
2561	20	202	118	0
2562	15	202	118	0
2563	10	202	118	0
2564	5	202	118	0
2565	0	202	118	0
2566	40	202	116	0
2567	35	202	116	0
2568	30	202	116	0
2569	25	202	116	0
2570	20	202	116	0
2571	15	202	116	0
2572	10	202	116	0
2573	5	202	116	0
2574	0	202	116	0
2575	40	202	114	0
2576	35	202	114	0
2577	30	202	114	0
2578	25	202	114	0
2579	20	202	114	0
2580	15	202	114	0
2581	10	202	114	0
2582	5	202	114	0
2583	0	202	114	0
2584	40	202	112	0
2585	35	202	112	0
2586	30	202	112	0
2587	25	202	112	0
2588	20	202	112	0
2589	15	202	112	0
2590	10	202	112	0
2591	5	202	112	0
2592	0	202	112	0
2593	40	202	110	0
2594	35	202	110	0
2595	30	202	110	0
2596	25	202	110	0
2597	20	202	110	0
2598	15	202	110	0
2599	10	202	110	0
2600	5	202	110	0
2601	0	202	110	0
2602	40	202	108	0
2603	35	202	108	0
2604	30	202	108	0
2605	25	202	108	0
2606	20	202	108	0
2607	15	202	108	0
2608	10	202	108	0
2609	5	202	108	0
2610	0	202	108	0
2611	40	202	106	0
2612	35	202	106	0
2613	30	202	106	0
2614	25	202	106	0
2615	20	202	106	0
2616	15	202	106	0
2617	10	202	106	0
2618	5	202	106	0
2619	0	202	106	0
2620	40	202	104	0
2621	35	202	104	0
2622	30	202	104	0
2623	25	202	104	0
2624	20	202	104	0
2625	15	202	104	0
2626	10	202	104	0
2627	5	202	104	0
2628	0	202	104	0
2629	40	202	102	0
2630	35	202	102	0
2631	30	202	102	0
2632	25	202	102	0
2633	20	202	102	0
2634	15	202	102	0
2635	10	202	102	0
2636	5	202	102	0
2637	0	202	102	0
2638	40	202	100	0
2639	35	202	100	0
2640	30	202	100	0
2641	25	202	100	0
2642	20	202	100	0
2643	15	202	100	0
2644	10	202	100	0
2645	5	202	100	0
2646	0	202	100	0
2647	40	202	98	0
2648	35	202	98	0
2649	30	202	98	0
2650	25	202	98	0
2651	20	202	98	0
2652	15	202	98	0
2653	10	202	98	0
2654	5	202	98	0
2655	0	202	98	0
2656	40	202	96	0
2657	35	202	96	0
2658	30	202	96	0
2659	25	202	96	0
2660	20	202	96	0
2661	15	202	96	0
2662	10	202	96	0
2663	5	202	96	0
2664	0	202	96	0
2665	40	202	94	0
2666	35	202	94	0
2667	30	202	94	0
2668	25	202	94	0
2669	20	202	94	0
2670	15	202	94	0
2671	10	202	94	0
2672	5	202	94	0
2673	0	202	94	0
2674	40	202	92	0
2675	35	202	92	0
2676	30	202	92	0
2677	25	202	92	0
2678	20	202	92	0
2679	15	202	92	0
2680	10	202	92	0
2681	5	202	92	0
2682	0	202	92	0
2683	40	202	220	0
2684	35	202	220	0
2685	30	202	220	0
2686	25	202	220	0
2687	20	202	220	0
2688	15	202	220	0
2689	10	202	220	0
2690	5	202	220	0
2691	0	202	220	0
